1782119897.690622330 0.007066 0.010044 1.208485 0.099645 0.994444 0.000779 0.033923
1782119897.790625095 0.014787 0.016203 1.207543 0.099506 0.994523 -0.000766 0.031956
1782119897.890673637 0.019867 0.020300 1.206816 0.099403 0.994585 -0.002461 0.030220
1782119897.990537882 0.023016 0.022920 1.206214 0.099344 0.994634 -0.003987 0.028596
1782119898.090710640 0.024785 0.024438 1.205700 0.099305 0.994670 -0.005307 0.027229
1782119898.190637589 0.025526 0.025141 1.205297 0.099296 0.994696 -0.006412 0.026065
1782119898.290656805 0.024730 0.024653 1.205093 0.099277 0.994719 -0.007500 0.024934
1782119898.390439987 0.024433 0.024553 1.204883 0.099273 0.994731 -0.008164 0.024254
1782119898.489886045 0.023970 0.024348 1.204706 0.099309 0.994734 -0.008586 0.023848
1782119898.590681791 0.018952 0.020676 1.206016 0.099042 0.994777 -0.009421 0.022822
1782119898.690709829 0.017721 0.019779 1.206056 0.099010 0.994784 -0.009825 0.022456
1782119898.790730238 0.016628 0.018989 1.206140 0.098996 0.994788 -0.010099 0.022249
1782119898.890750885 0.015755 0.018360 1.206203 0.098978 0.994792 -0.010206 0.022075
1782119898.990482807 0.014969 0.017804 1.206340 0.098997 0.994792 -0.010290 0.021954
1782119899.090600014 0.014417 0.017386 1.206398 0.098974 0.994795 -0.010334 0.021910
1782119899.190677404 0.013991 0.017064 1.206464 0.098980 0.994795 -0.010293 0.021900
1782119899.290632963 0.013722 0.016838 1.206626 0.098954 0.994797 -0.010293 0.021922
1782119899.390622377 0.013583 0.016720 1.206674 0.098960 0.994795 -0.010263 0.022004
1782119899.490481377 0.013523 0.016624 1.206767 0.098951 0.994795 -0.010245 0.022079
1782119899.590716600 0.013541 0.016606 1.206809 0.098967 0.994792 -0.010260 0.022135
1782119899.690743685 0.013625 0.016631 1.206862 0.099007 0.994787 -0.010284 0.022139
1782119899.790753603 0.013786 0.016714 1.206823 0.098955 0.994791 -0.010246 0.022211
1782119899.890513182 0.013947 0.016875 1.206870 0.098948 0.994791 -0.010195 0.022258
1782119899.990620852 0.014088 0.016985 1.206981 0.098953 0.994790 -0.010194 0.022276
1782119900.090670347 0.014307 0.017195 1.206934 0.098937 0.994792 -0.010099 0.022316
1782119900.190620422 0.014433 0.017349 1.206967 0.098896 0.994795 -0.010034 0.022386
1782119900.290630817 0.014596 0.017547 1.207021 0.098858 0.994800 -0.009986 0.022387
1782119900.390790939 0.014715 0.017789 1.206969 0.098855 0.994801 -0.009991 0.022340
1782119900.490004301 0.014892 0.017985 1.206957 0.098866 0.994800 -0.009901 0.022362
1782119900.590764046 0.015000 0.018103 1.207089 0.098863 0.994800 -0.009902 0.022371
1782119900.690586567 0.015109 0.018251 1.207095 0.098885 0.994798 -0.009895 0.022382
1782119900.790500164 0.015208 0.018346 1.207118 0.098851 0.994800 -0.009937 0.022404
1782119900.890677452 0.015285 0.018410 1.207125 0.098825 0.994802 -0.009958 0.022417
1782119900.990650654 0.015334 0.018439 1.207146 0.098807 0.994805 -0.009960 0.022389
1782119901.090649366 0.015370 0.018484 1.207065 0.098820 0.994805 -0.009978 0.022341
1782119901.190620899 0.015377 0.018478 1.207005 0.098806 0.994807 -0.010030 0.022281
1782119901.290630341 0.015439 0.018518 1.206941 0.098811 0.994807 -0.010069 0.022234
1782119901.390647650 0.015496 0.018560 1.206847 0.098844 0.994804 -0.010099 0.022208
1782119901.490537643 0.015615 0.018633 1.206851 0.098857 0.994802 -0.010183 0.022180
1782119901.590843439 0.015783 0.018757 1.206772 0.098866 0.994802 -0.010212 0.022151
1782119901.690705538 0.016017 0.018975 1.206632 0.098886 0.994800 -0.010240 0.022120
1782119901.790588856 0.016322 0.019226 1.206531 0.098909 0.994799 -0.010243 0.022065
1782119901.890614986 0.016758 0.019628 1.206311 0.098919 0.994798 -0.010199 0.022094
1782119901.990440845 0.017263 0.020050 1.206175 0.098914 0.994799 -0.010176 0.022082
1782119902.090694427 0.017899 0.020615 1.205986 0.098958 0.994794 -0.010089 0.022167
1782119902.190568447 0.018603 0.021195 1.205932 0.098986 0.994789 -0.010019 0.022296
1782119902.290733576 0.019463 0.021942 1.205720 0.099022 0.994782 -0.009784 0.022536
1782119902.390603781 0.020331 0.022683 1.205675 0.099064 0.994773 -0.009509 0.022841
1782119902.490501881 0.020368 0.022756 1.205579 0.099083 0.994772 -0.009482 0.022849
1782119902.590756178 0.020494 0.022757 1.205593 0.099057 0.994773 -0.009404 0.022921
1782119902.690573931 0.020446 0.022703 1.205629 0.099072 0.994773 -0.009384 0.022888
1782119902.790715218 0.018795 0.021293 1.205821 0.098963 0.994789 -0.009875 0.022422
1782119902.890821218 0.019498 0.021814 1.205599 0.098973 0.994784 -0.009737 0.022670
1782119902.990615129 0.019371 0.021591 1.205496 0.098962 0.994785 -0.009788 0.022645
1782119903.090688705 0.016513 0.019681 1.206343 0.098781 0.994806 -0.009865 0.022484
1782119903.190747499 0.016233 0.019457 1.206204 0.098766 0.994809 -0.009901 0.022427
1782119903.290752411 0.015934 0.019231 1.205974 0.098760 0.994810 -0.009839 0.022419
1782119903.390763283 0.015533 0.018906 1.205800 0.098774 0.994810 -0.009873 0.022328
1782119903.490407944 0.015108 0.018592 1.205648 0.098842 0.994805 -0.009937 0.022232
1782119903.590534449 0.014794 0.018267 1.205427 0.098853 0.994804 -0.009872 0.022287
1782119903.690656185 0.014396 0.017853 1.205462 0.098849 0.994805 -0.009968 0.022208
1782119903.790727615 0.014113 0.017401 1.205393 0.098892 0.994803 -0.010016 0.022080
1782119903.890641212 0.013722 0.016972 1.205384 0.098900 0.994801 -0.010206 0.022056
1782119903.990492105 0.013887 0.016473 1.205311 0.098883 0.994805 -0.010127 0.021956
1782119904.090723991 0.012606 0.015906 1.205322 0.098781 0.994803 -0.010143 0.022523
1782119904.190668821 0.007755 0.016682 1.205193 0.095807 0.995064 -0.010162 0.023771
1782119904.290728807 -0.002088 0.017031 1.205025 0.088772 0.995695 -0.009748 0.024813
1782119904.390496016 -0.015320 0.020380 1.204661 0.086242 0.995879 -0.009847 0.026261
1782119904.489902258 -0.029296 0.026965 1.204338 0.084647 0.995968 -0.010678 0.027724
1782119904.590490341 -0.043222 0.033174 1.204226 0.071761 0.996975 -0.011765 0.027439
1782119904.690674067 -0.059129 0.037964 1.204129 0.052595 0.998154 -0.012540 0.027648
1782119904.790694475 -0.076925 0.040935 1.203955 0.037576 0.998821 -0.012792 0.027945
1782119904.890519619 -0.097105 0.043374 1.203767 0.028773 0.999086 -0.013011 0.028809
1782119904.990432978 -0.119048 0.046576 1.203358 0.022490 0.999236 -0.012995 0.029211
1782119905.090760231 -0.143272 0.051992 1.202668 0.018900 0.999311 -0.013382 0.029011
1782119905.190749645 -0.170131 0.058420 1.201991 0.013584 0.999398 -0.013611 0.028887
1782119905.290687084 -0.198925 0.065302 1.201365 0.006162 0.999490 -0.013521 0.028264
1782119905.390667439 -0.230509 0.073423 1.200705 0.001484 0.999476 -0.013112 0.029548
1782119905.490423918 -0.260127 0.085157 1.200052 -0.006366 0.999487 -0.013865 0.028152
1782119905.590426922 -0.292919 0.097857 1.199167 -0.021213 0.999230 -0.013993 0.029880
1782119905.690763712 -0.328512 0.109173 1.198512 -0.040049 0.998661 -0.012993 0.030067
1782119905.790596008 -0.364565 0.122638 1.197370 -0.060067 0.997650 -0.013341 0.030147
1782119905.890725136 -0.400835 0.134406 1.195958 -0.080183 0.996217 -0.013057 0.030836
1782119905.990676165 -0.435991 0.144628 1.194583 -0.097802 0.994621 -0.011936 0.031971
1782119906.090665340 -0.471033 0.155550 1.193302 -0.114772 0.992821 -0.011847 0.031533
1782119906.190754652 -0.507507 0.165650 1.192386 -0.128120 0.991177 -0.011207 0.032061
1782119906.290693998 -0.543548 0.175008 1.190992 -0.138949 0.989709 -0.010362 0.032587
1782119906.390543461 -0.580369 0.185343 1.189464 -0.146502 0.988620 -0.010874 0.032398
1782119906.490017176 -0.620063 0.192425 1.188128 -0.152732 0.987666 -0.010024 0.032995
1782119906.590756893 -0.659853 0.199928 1.186457 -0.156594 0.987052 -0.010317 0.033157
1782119906.690571785 -0.696882 0.207067 1.185046 -0.158891 0.986721 -0.010547 0.031992
1782119906.790505409 -0.735128 0.208760 1.183683 -0.159902 0.986522 -0.009026 0.033520
1782119906.890629530 -0.771728 0.210595 1.182344 -0.155907 0.987166 -0.009405 0.033291
1782119906.990687370 -0.808879 0.211175 1.180932 -0.149651 0.988141 -0.008911 0.033219
1782119907.090675592 -0.847491 0.211950 1.179793 -0.142126 0.989274 -0.009294 0.032410
1782119907.190696239 -0.886566 0.211273 1.178895 -0.135271 0.990235 -0.009152 0.032446
1782119907.290821075 -0.922718 0.209779 1.177959 -0.128203 0.991193 -0.008778 0.031997
1782119907.389882565 -0.957620 0.207568 1.176364 -0.126888 0.991371 -0.009534 0.031486
1782119907.489903927 -0.989621 0.203938 1.175826 -0.125706 0.991543 -0.009255 0.030912
1782119907.590658903 -1.021153 0.198020 1.174999 -0.125255 0.991544 -0.008932 0.032738
1782119907.690443993 -1.050218 0.189896 1.173907 -0.127093 0.991335 -0.009030 0.031954
1782119907.790675640 -1.080331 0.178452 1.173048 -0.128051 0.991231 -0.008958 0.031382
1782119907.890678883 -1.112187 0.164254 1.170908 -0.127237 0.991334 -0.008322 0.031602
1782119907.990519762 -1.143658 0.149456 1.169000 -0.125105 0.991625 -0.008857 0.030825
1782119908.090773344 -1.175456 0.133339 1.167227 -0.122711 0.991902 -0.009136 0.031459
1782119908.190808535 -1.205114 0.116348 1.165751 -0.118936 0.992417 -0.009549 0.029524
1782119908.290446281 -1.236556 0.097078 1.164518 -0.117908 0.992470 -0.008919 0.031975
1782119908.390558720 -1.262397 0.078077 1.163404 -0.121557 0.992066 -0.009563 0.030614
1782119908.490849972 -1.288105 0.056154 1.162573 -0.126555 0.991421 -0.008586 0.031523
1782119908.590425968 -1.312847 0.033401 1.162109 -0.132794 0.990580 -0.007745 0.032522
1782119908.690629482 -1.341547 0.008720 1.161396 -0.182288 0.982600 -0.008088 0.034680
1782119908.790728331 -1.364934 -0.020570 1.160434 -0.261081 0.964732 -0.004656 0.033271
1782119908.890679359 -1.391810 -0.050480 1.157955 -0.330047 0.943233 -0.003399 0.036990
1782119908.990640402 -1.412572 -0.080866 1.155723 -0.397125 0.916989 -0.003062 0.037595
1782119909.090697527 -1.431131 -0.113677 1.153852 -0.451758 0.891270 -0.000788 0.039394
1782119909.190470219 -1.448732 -0.143947 1.152021 -0.489727 0.870945 -0.001738 0.040240
1782119909.290620565 -1.465433 -0.174203 1.150573 -0.490333 0.870602 0.000388 0.040314
1782119909.390678406 -1.482845 -0.204110 1.149310 -0.487022 0.872539 0.000774 0.038535
1782119909.490870953 -1.504357 -0.236043 1.147905 -0.485322 0.873470 0.000453 0.038884
1782119909.590621710 -1.526595 -0.271106 1.146634 -0.483692 0.874348 0.001247 0.039437
1782119909.690687895 -1.547824 -0.306823 1.145819 -0.475978 0.878670 0.001792 0.037148
1782119909.790679216 -1.573476 -0.340926 1.144112 -0.465632 0.884195 -0.000194 0.037226
1782119909.890814781 -1.597647 -0.376833 1.142632 -0.453392 0.890572 0.000625 0.036275
1782119909.990604162 -1.622103 -0.409172 1.141442 -0.444776 0.894990 0.000081 0.034157
1782119910.090646029 -1.649208 -0.438660 1.139980 -0.444305 0.895213 -0.000979 0.034449
1782119910.190620899 -1.675553 -0.467846 1.138776 -0.445984 0.894338 -0.000542 0.035454
1782119910.290616751 -1.700111 -0.494818 1.137568 -0.446806 0.893959 -0.001311 0.034637
1782119910.390748262 -1.720213 -0.515168 1.136549 -0.448845 0.892991 -0.003088 0.033111
1782119910.490850687 -1.733829 -0.528807 1.135664 -0.450751 0.892018 -0.003672 0.033375
1782119910.590629578 -1.743470 -0.542219 1.134850 -0.452568 0.891042 -0.001838 0.034981
1782119910.690670967 -1.751169 -0.552339 1.134229 -0.453418 0.890623 -0.001811 0.034630
1782119910.790629148 -1.757999 -0.561102 1.133642 -0.454311 0.890195 -0.002011 0.033924
1782119910.890700817 -1.764989 -0.569540 1.133039 -0.455088 0.889787 -0.001942 0.034219
1782119910.990485907 -1.771335 -0.577506 1.132666 -0.455948 0.889341 -0.001785 0.034365
1782119911.090677500 -1.777329 -0.584373 1.132121 -0.456758 0.888941 -0.002094 0.033939
1782119911.190578222 -1.783243 -0.590438 1.131785 -0.457660 0.888475 -0.002323 0.033985
1782119911.290755033 -1.788935 -0.596152 1.131320 -0.458408 0.888070 -0.002254 0.034478
1782119911.390625954 -1.793456 -0.600022 1.131111 -0.459043 0.887742 -0.002722 0.034449
1782119911.490845203 -1.797085 -0.604447 1.130601 -0.459530 0.887501 -0.002774 0.034153
1782119911.590744495 -1.801132 -0.609121 1.130025 -0.460046 0.887227 -0.002709 0.034324
1782119911.690673590 -1.804298 -0.612768 1.129671 -0.460391 0.887042 -0.002792 0.034489
1782119911.790826559 -1.807506 -0.616566 1.129350 -0.460831 0.886811 -0.002769 0.034549
1782119911.890477180 -1.809981 -0.619649 1.129045 -0.460932 0.886750 -0.002709 0.034772
1782119911.990641356 -1.811462 -0.621530 1.128779 -0.461118 0.886650 -0.002710 0.034848
1782119912.090688705 -1.812068 -0.622122 1.128551 -0.461034 0.886693 -0.002855 0.034858
1782119912.190852642 -1.812010 -0.621952 1.128240 -0.460914 0.886757 -0.002958 0.034814
1782119912.290634871 -1.811928 -0.621880 1.127899 -0.460886 0.886770 -0.002908 0.034850
1782119912.390708923 -1.812064 -0.621881 1.127547 -0.460791 0.886816 -0.002917 0.034940
1782119912.490921497 -1.814520 -0.625639 1.126974 -0.460603 0.886835 -0.001695 0.036951
1782119912.590725183 -1.818847 -0.633354 1.126465 -0.459475 0.887462 -0.001982 0.035929
1782119912.690558672 -1.830205 -0.650086 1.125642 -0.459198 0.887558 -0.000540 0.037113
1782119912.790733576 -1.847408 -0.671870 1.124714 -0.459059 0.887618 -0.000480 0.037400
1782119912.890659332 -1.868544 -0.697214 1.123645 -0.458752 0.887815 -0.001240 0.036465
1782119912.990680218 -1.894026 -0.725164 1.122322 -0.459723 0.887312 -0.001647 0.036468
1782119913.090664625 -1.919881 -0.752542 1.121423 -0.460121 0.887116 -0.001192 0.036223
1782119913.190642357 -1.946440 -0.778189 1.120200 -0.461115 0.886587 -0.001363 0.036545
1782119913.290588379 -1.974165 -0.802249 1.118787 -0.462547 0.885833 -0.002556 0.036655
1782119913.390474319 -2.002773 -0.826628 1.117564 -0.463328 0.885425 -0.002065 0.036688
1782119913.490883112 -2.033181 -0.848565 1.116125 -0.462699 0.885794 -0.002222 0.035696
1782119913.590559959 -2.065264 -0.866549 1.114840 -0.460258 0.887124 -0.002836 0.034134
1782119913.690770388 -2.100397 -0.884090 1.113598 -0.456665 0.888986 -0.003618 0.033886
1782119913.790626049 -2.136275 -0.900019 1.112097 -0.448212 0.893278 -0.004070 0.033831
1782119913.890545845 -2.173100 -0.912930 1.110500 -0.435875 0.899349 -0.004852 0.034071
1782119913.990760088 -2.211413 -0.924698 1.108894 -0.423181 0.905407 -0.005492 0.033546
1782119914.090593815 -2.251912 -0.936848 1.107145 -0.405935 0.913257 -0.005270 0.033921
1782119914.190536261 -2.297099 -0.946398 1.105200 -0.384745 0.922354 -0.006447 0.034537
1782119914.290492296 -2.343731 -0.952732 1.103194 -0.361454 0.931766 -0.007428 0.033284
1782119914.389776707 -2.390848 -0.957332 1.101334 -0.337171 0.940832 -0.008137 0.032918
1782119914.490785599 -2.440566 -0.962028 1.099392 -0.313573 0.948943 -0.007669 0.033460
1782119914.590768099 -2.490524 -0.960699 1.097394 -0.293623 0.955292 -0.008911 0.033504
1782119914.690691233 -2.541530 -0.956144 1.095203 -0.273364 0.961238 -0.010435 0.034408
1782119914.790567636 -2.590989 -0.952199 1.093428 -0.251461 0.967229 -0.009655 0.033807
1782119914.890821218 -2.642074 -0.943720 1.092084 -0.231019 0.972311 -0.010743 0.033560
1782119914.990694523 -2.692427 -0.933336 1.090524 -0.210672 0.976951 -0.011435 0.032468
1782119915.090598583 -2.740732 -0.921853 1.089727 -0.187407 0.981703 -0.011448 0.031716
1782119915.190517426 -2.788015 -0.909122 1.088567 -0.167225 0.985363 -0.011327 0.031113
1782119915.290728569 -2.833113 -0.893302 1.087398 -0.147523 0.988554 -0.011926 0.029262
1782119915.390635967 -2.877591 -0.878804 1.086293 -0.126090 0.991517 -0.011187 0.029507
1782119915.491052866 -2.922499 -0.863612 1.085302 -0.105063 0.993998 -0.009943 0.028817
1782119915.590639114 -2.967601 -0.845034 1.084431 -0.087700 0.995680 -0.010729 0.028536
1782119915.690542698 -3.013222 -0.825324 1.083698 -0.072032 0.996928 -0.011531 0.028511
1782119915.790549040 -3.058199 -0.804851 1.082845 -0.058266 0.997814 -0.012624 0.028514
1782119915.890761375 -3.102664 -0.785529 1.081941 -0.048033 0.998365 -0.012271 0.028449
1782119915.990632057 -3.148408 -0.765310 1.081462 -0.040630 0.998719 -0.011975 0.027687
1782119916.090654850 -3.193465 -0.742689 1.080761 -0.033713 0.998958 -0.012601 0.028072
1782119916.190697432 -3.237532 -0.718144 1.079888 -0.027698 0.999137 -0.013161 0.028028
1782119916.290712118 -3.281063 -0.693496 1.079559 -0.019269 0.999334 -0.012859 0.028191
1782119916.390758514 -3.323936 -0.664081 1.078523 -0.013295 0.999407 -0.014350 0.028339
1782119916.490816832 -3.366088 -0.633524 1.078288 -0.008027 0.999471 -0.014987 0.027714
1782119916.590577841 -3.409826 -0.603137 1.077831 -0.001738 0.999508 -0.014447 0.027779
1782119916.690733433 -3.454968 -0.568707 1.076903 0.005323 0.999475 -0.015066 0.028192
1782119916.790798903 -3.500855 -0.533345 1.076276 0.013258 0.999412 -0.014691 0.027985
1782119916.890605211 -3.545938 -0.496822 1.075294 0.021789 0.999234 -0.015459 0.028602
1782119916.989857435 -3.590196 -0.460873 1.074620 0.029844 0.999036 -0.015792 0.028054
1782119917.090761185 -3.635502 -0.425175 1.073751 0.036640 0.998812 -0.015827 0.027952
1782119917.190701723 -3.679465 -0.389485 1.072867 0.043218 0.998559 -0.016504 0.027199
1782119917.290837288 -3.725920 -0.355612 1.072071 0.048628 0.998266 -0.016472 0.028806
1782119917.390633583 -3.769763 -0.321715 1.071397 0.048325 0.998333 -0.016915 0.026651
1782119917.490919828 -3.819383 -0.289092 1.070538 0.047757 0.998302 -0.016397 0.029037
1782119917.591116667 -3.868408 -0.253489 1.069843 0.043951 0.998487 -0.017397 0.028096
1782119917.690708637 -3.917974 -0.220630 1.068933 0.038128 0.998752 -0.015984 0.028038
1782119917.790684462 -3.967649 -0.185933 1.068086 0.033239 0.998884 -0.016612 0.029156
1782119917.890713215 -4.015132 -0.153581 1.067155 0.030115 0.999012 -0.015821 0.028603
1782119917.990650654 -4.062803 -0.121561 1.066286 0.027350 0.999060 -0.015861 0.029650
1782119918.090739489 -4.109256 -0.090783 1.065593 0.023862 0.999147 -0.015594 0.029873
1782119918.190851927 -4.152469 -0.061701 1.065226 0.019782 0.999269 -0.015028 0.029043
1782119918.290857315 -4.197377 -0.030201 1.064416 0.016164 0.999299 -0.015912 0.029788
1782119918.390625238 -4.240499 -0.000847 1.063725 0.009382 0.999430 -0.015326 0.028567
1782119918.490869045 -4.285337 0.024848 1.063593 0.007642 0.999403 -0.014048 0.030641
1782119918.590740681 -4.328286 0.049319 1.063052 0.007008 0.999417 -0.013471 0.030563
1782119918.690560341 -4.371896 0.076033 1.061580 0.006534 0.999429 -0.014110 0.029988
1782119918.789907455 -4.417791 0.101225 1.060509 0.005721 0.999402 -0.013892 0.031142
1782119918.890695572 -4.460071 0.127476 1.059844 0.004373 0.999483 -0.014091 0.028554
1782119918.990680933 -4.502506 0.153716 1.058344 0.002375 0.999461 -0.014111 0.029530
1782119919.090706587 -4.546850 0.179629 1.056637 -0.002121 0.999454 -0.013208 0.030201
1782119919.190712929 -4.587498 0.207915 1.055823 -0.006154 0.999483 -0.014171 0.028183
1782119919.290673018 -4.629100 0.233280 1.055247 -0.009094 0.999400 -0.013868 0.030398
1782119919.390549898 -4.667995 0.259831 1.054376 -0.013519 0.999350 -0.014392 0.030150
1782119919.490923405 -4.709151 0.284923 1.053653 -0.018680 0.999279 -0.013459 0.030201
1782119919.590563774 -4.753708 0.311488 1.052844 -0.024151 0.999127 -0.013544 0.031268
1782119919.690497160 -4.796422 0.339138 1.051917 -0.029847 0.999041 -0.014230 0.028707
1782119919.790707588 -4.843145 0.364236 1.051113 -0.033852 0.998830 -0.013581 0.031743
1782119919.890681505 -4.886833 0.388494 1.050049 -0.042476 0.998584 -0.013129 0.029205
1782119919.990652084 -4.935555 0.408234 1.048850 -0.050786 0.998151 -0.011791 0.031233
1782119920.090629578 -4.983752 0.426455 1.047420 -0.057839 0.997796 -0.011944 0.030254
1782119920.190609455 -5.035628 0.441375 1.045865 -0.059967 0.997638 -0.011127 0.031599
1782119920.290489912 -5.088881 0.456070 1.044229 -0.060755 0.997595 -0.012348 0.030982
1782119920.390792608 -5.144598 0.467316 1.042945 -0.061345 0.997573 -0.011320 0.030929
1782119920.490741730 -5.199441 0.477472 1.041848 -0.061601 0.997570 -0.011155 0.030575
1782119920.590667725 -5.255265 0.490848 1.040738 -0.063141 0.997388 -0.013482 0.032390
1782119920.690754414 -5.306015 0.500634 1.039676 -0.065036 0.997343 -0.012322 0.030430
1782119920.790677071 -5.359590 0.512360 1.038234 -0.065728 0.997247 -0.012526 0.031974
1782119920.890722275 -5.410773 0.522623 1.037279 -0.067190 0.997182 -0.011482 0.031348
1782119920.990623236 -5.463414 0.537041 1.035996 -0.067655 0.997115 -0.013137 0.031823
1782119921.090608597 -5.517441 0.549228 1.034963 -0.069866 0.996976 -0.012503 0.031648
1782119921.190710306 -5.571574 0.563914 1.033840 -0.071962 0.996839 -0.012962 0.031078
1782119921.290760756 -5.625519 0.576568 1.032939 -0.074888 0.996626 -0.012077 0.031344
1782119921.390544176 -5.679147 0.590385 1.031410 -0.079979 0.996261 -0.011771 0.030492
1782119921.490941525 -5.733786 0.601904 1.030058 -0.083138 0.996016 -0.010445 0.030501
1782119921.590705156 -5.789449 0.613481 1.028607 -0.086506 0.995697 -0.010260 0.031617
1782119921.690700054 -5.847034 0.625271 1.027360 -0.087698 0.995576 -0.011137 0.031832
1782119921.790743589 -5.906647 0.633805 1.026037 -0.089751 0.995425 -0.010205 0.031133
1782119921.890680075 -5.969668 0.643554 1.024957 -0.090463 0.995372 -0.010899 0.030535
1782119921.990853548 -6.031959 0.651227 1.023794 -0.092902 0.995166 -0.010227 0.030169
1782119922.090729952 -6.093637 0.659705 1.022873 -0.097284 0.994731 -0.010353 0.030634
1782119922.190701246 -6.151105 0.668183 1.022020 -0.103181 0.994182 -0.010553 0.029054
1782119922.290700674 -6.208871 0.674189 1.020862 -0.109248 0.993490 -0.010231 0.030610
1782119922.390687227 -6.263447 0.680946 1.018134 -0.117912 0.992496 -0.011082 0.030412
1782119922.490903854 -6.319167 0.684476 1.015154 -0.127952 0.991224 -0.011103 0.031310
1782119922.590714693 -6.377592 0.684648 1.012381 -0.140184 0.989527 -0.010378 0.032834
1782119922.690788507 -6.434801 0.684646 1.010246 -0.154320 0.987496 -0.010486 0.030446
1782119922.790729046 -6.494789 0.680218 1.008011 -0.168909 0.985031 -0.009045 0.033195
1782119922.890718937 -6.552286 0.675979 1.006061 -0.183322 0.982490 -0.009357 0.031906
1782119922.990767956 -6.610509 0.667189 1.004725 -0.199636 0.979263 -0.009422 0.033190
1782119923.090639353 -6.664682 0.652219 1.003491 -0.216900 0.975610 -0.007419 0.032925
1782119923.190828323 -6.719141 0.634682 1.002042 -0.231475 0.972241 -0.006540 0.033542
1782119923.290757418 -6.772081 0.614460 1.000381 -0.245873 0.968698 -0.006888 0.033506
1782119923.390606642 -6.823786 0.589156 0.998641 -0.263448 0.964077 -0.005844 0.033430
1782119923.490604877 -6.871854 0.561974 0.997521 -0.280716 0.959201 -0.005403 0.033208
1782119923.590796232 -6.916007 0.533777 0.995882 -0.294746 0.954997 -0.005242 0.032837
1782119923.690801620 -6.955712 0.503730 0.994232 -0.308057 0.950809 -0.005080 0.032193
1782119923.790589809 -6.990674 0.472783 0.992652 -0.320363 0.946691 -0.004805 0.033464
1782119923.890779972 -7.020131 0.440040 0.990992 -0.333678 0.942061 -0.004511 0.034049
1782119923.990658045 -7.044748 0.404861 0.989431 -0.347033 0.937239 -0.002963 0.033799
1782119924.090595245 -7.068790 0.369348 0.987798 -0.360622 0.932065 -0.002576 0.034631
1782119924.190778732 -7.089581 0.331292 0.986560 -0.377137 0.925538 -0.002168 0.033798
1782119924.290675163 -7.109043 0.291960 0.985005 -0.393765 0.918575 -0.001468 0.034150
1782119924.390736818 -7.126400 0.253161 0.983446 -0.415022 0.909192 -0.002293 0.033481
1782119924.490800142 -7.142618 0.210918 0.982018 -0.435229 0.899615 -0.000287 0.035613
1782119924.590731859 -7.155829 0.170115 0.980470 -0.455677 0.889491 -0.000697 0.034121
1782119924.690877438 -7.168139 0.126439 0.978859 -0.474957 0.879320 0.000701 0.034798
1782119924.790756702 -7.178712 0.082742 0.977285 -0.492582 0.869604 0.000618 0.033939
1782119924.890632153 -7.190985 0.036904 0.975351 -0.512051 0.858250 0.000155 0.034800
1782119924.990614176 -7.201526 -0.011364 0.974051 -0.526012 0.849745 0.001692 0.035253
1782119925.090825081 -7.210016 -0.059139 0.972517 -0.540588 0.840575 0.001995 0.034548
1782119925.190684080 -7.217486 -0.105394 0.971447 -0.553906 0.831849 0.002454 0.034784
1782119925.290719748 -7.223238 -0.149047 0.970219 -0.567327 0.822745 0.003305 0.034916
1782119925.390537500 -7.228622 -0.192349 0.969084 -0.582017 0.812449 0.002753 0.034274
1782119925.490707636 -7.236085 -0.235044 0.968152 -0.596395 0.801915 0.004082 0.035063
1782119925.590605736 -7.244132 -0.275396 0.966969 -0.607449 0.793612 0.003653 0.034250
1782119925.690782547 -7.254450 -0.316948 0.966195 -0.617452 0.785861 0.004815 0.033946
1782119925.790655613 -7.266707 -0.359263 0.965276 -0.626875 0.778369 0.004923 0.033852
1782119925.890554905 -7.283692 -0.406168 0.963985 -0.637825 0.769407 0.003974 0.034301
1782119925.990811825 -7.301992 -0.455703 0.963030 -0.649049 0.759958 0.004981 0.034272
1782119926.090689659 -7.322149 -0.506859 0.961676 -0.661194 0.749411 0.004836 0.034380
1782119926.190563202 -7.340036 -0.560529 0.959380 -0.672131 0.739640 0.006098 0.033689
1782119926.290556431 -7.358640 -0.610725 0.957559 -0.682434 0.730218 0.004636 0.032319
1782119926.390752554 -7.374848 -0.663689 0.955385 -0.692066 0.720949 0.007460 0.034959
1782119926.490667820 -7.389920 -0.713213 0.953471 -0.701371 0.711934 0.006419 0.034471
1782119926.590775728 -7.401227 -0.766730 0.952540 0.710218 -0.703063 -0.008503 -0.034927
1782119926.690782309 -7.412974 -0.818989 0.951830 0.716678 -0.696530 -0.007058 -0.034191
1782119926.790512323 -7.421275 -0.875433 0.950925 0.722430 -0.690539 -0.008634 -0.034300
1782119926.890727282 -7.431435 -0.930565 0.949512 0.726349 -0.686404 -0.007820 -0.034707
1782119926.990769625 -7.439895 -0.985824 0.948181 0.730056 -0.682458 -0.008460 -0.034625
1782119927.090566397 -7.450739 -1.038006 0.946596 0.732205 -0.680140 -0.007689 -0.035024
1782119927.190524817 -7.459835 -1.089459 0.945312 0.732309 -0.680088 -0.007410 -0.033902
1782119927.290795088 -7.470344 -1.140655 0.943715 0.730120 -0.682428 -0.007868 -0.033973
1782119927.390714169 -7.483300 -1.191116 0.941972 0.726554 -0.686215 -0.007014 -0.034334
1782119927.490905762 -7.497196 -1.242750 0.940415 0.719129 -0.693997 -0.007424 -0.034162
1782119927.590761662 -7.516532 -1.293195 0.938652 0.710667 -0.702667 -0.005364 -0.034405
1782119927.690551758 -7.536396 -1.342669 0.937279 -0.698277 0.714994 0.005847 0.034033
1782119927.789857388 -7.560455 -1.389269 0.935887 -0.683548 0.729101 0.004892 0.033912
1782119927.890810013 -7.586800 -1.432269 0.934390 -0.668934 0.742563 0.003032 0.033431
1782119927.990538597 -7.613585 -1.473682 0.933345 -0.650613 0.758613 0.003333 0.034609
1782119928.090786457 -7.641753 -1.509590 0.932188 -0.631651 0.774517 0.001398 0.033736
1782119928.190762043 -7.672855 -1.541586 0.930639 -0.612554 0.789694 -0.000788 0.034063
1782119928.290652275 -7.705752 -1.569873 0.929276 -0.593393 0.804199 -0.002467 0.033790
1782119928.390733957 -7.742127 -1.596645 0.928042 -0.567335 0.822797 -0.003099 0.033543
1782119928.490676880 -7.783338 -1.620473 0.927086 -0.537522 0.842578 -0.003425 0.033480
1782119928.590537071 -7.828475 -1.641567 0.925358 -0.505990 0.861897 -0.004553 0.032971
1782119928.690577745 -7.877146 -1.656229 0.924234 -0.473294 0.880228 -0.006862 0.033810
1782119928.790801525 -7.923678 -1.667785 0.923359 -0.437471 0.898603 -0.007016 0.032903
1782119928.890549660 -7.971121 -1.673283 0.922664 -0.401300 0.915337 -0.008290 0.032372
1782119928.990542412 -8.018151 -1.675055 0.922130 -0.366065 0.930011 -0.008992 0.031561
1782119929.090759754 -8.065902 -1.672017 0.921871 -0.328913 0.943789 -0.010350 0.031157
1782119929.190758705 -8.110727 -1.664189 0.922146 -0.285315 0.957906 -0.010926 0.029873
1782119929.290725470 -8.152325 -1.652695 0.922249 -0.236713 0.971076 -0.011357 0.029161
1782119929.390688419 -8.188685 -1.636483 0.922708 -0.188764 0.981582 -0.012160 0.026791
1782119929.490595102 -8.221412 -1.616764 0.922949 -0.140005 0.989725 -0.013466 0.025713
1782119929.590556622 -8.250263 -1.593607 0.923240 -0.092050 0.995344 -0.014921 0.024372
1782119929.690681934 -8.276855 -1.568705 0.923408 -0.043833 0.998629 -0.016416 0.023443
1782119929.790545702 -8.301241 -1.540642 0.923539 0.005368 0.999576 -0.017609 0.022551
1782119929.890753984 -8.324697 -1.512465 0.923492 0.054303 0.998140 -0.017426 0.021536
1782119929.990795851 -8.346140 -1.481094 0.924113 0.107234 0.993868 -0.018456 0.019639
1782119930.090827703 -8.366130 -1.446530 0.924560 0.160142 0.986697 -0.019670 0.019934
1782119930.189867973 -8.386528 -1.408833 0.924514 0.207334 0.977846 -0.021378 0.019284
1782119930.290703773 -8.403897 -1.367726 0.924478 0.244218 0.969320 -0.021930 0.017183
1782119930.390541792 -8.418522 -1.325762 0.925361 0.274905 0.961091 -0.021811 0.016022
1782119930.490806341 -8.430596 -1.281706 0.925965 0.302973 0.952603 -0.022669 0.015557
1782119930.590711832 -8.440957 -1.238763 0.926670 0.331647 0.943015 -0.021983 0.015814
1782119930.690557241 -8.449498 -1.193608 0.927058 0.356671 0.933833 -0.022077 0.015972
1782119930.789854288 -8.454695 -1.146275 0.927171 0.378535 0.925182 -0.022909 0.015013
1782119930.890710115 -8.456801 -1.099898 0.927506 0.402153 0.915174 -0.022939 0.014228
1782119930.990659475 -8.455258 -1.054160 0.927882 0.428202 0.903252 -0.023730 0.014698
1782119931.090888739 -8.450959 -1.010995 0.927974 0.452895 0.891151 -0.023417 0.013696
1782119931.190741539 -8.442341 -0.968799 0.927971 0.475166 0.879485 -0.023945 0.012267
1782119931.290550709 -8.436791 -0.927961 0.928093 0.497662 0.866961 -0.023285 0.013018
1782119931.390761852 -8.430084 -0.885428 0.928120 0.519927 0.853783 -0.023687 0.012997
1782119931.490801811 -8.423100 -0.839842 0.928172 0.538676 0.842034 -0.025233 0.013058
1782119931.590548515 -8.415782 -0.793717 0.928334 0.554855 0.831482 -0.025559 0.010962
1782119931.690779448 -8.409112 -0.745895 0.929362 0.569468 0.821530 -0.025787 0.011381
1782119931.790832758 -8.403452 -0.700018 0.930130 0.583149 0.811868 -0.025710 0.012064
1782119931.890643597 -8.393300 -0.656823 0.930982 0.595475 0.802927 -0.024912 0.009899
1782119931.990757465 -8.384515 -0.611227 0.932109 0.606944 0.794220 -0.026509 0.011478
1782119932.090708494 -8.375516 -0.567480 0.933346 0.618387 0.785370 -0.026101 0.010533
1782119932.190594912 -8.365586 -0.520079 0.934332 0.627875 0.777781 -0.026980 0.010031
1782119932.290738106 -8.359150 -0.471360 0.935917 0.634816 0.772181 -0.025402 0.009986
1782119932.390804291 -8.352020 -0.419941 0.937355 0.642516 0.765777 -0.025603 0.010177
1782119932.490596294 -8.343901 -0.368111 0.938582 0.648578 0.760638 -0.026220 0.009461
1782119932.589861155 -8.337841 -0.315459 0.940275 0.654349 0.755706 -0.025091 0.010258
1782119932.690754652 -8.327451 -0.263670 0.941413 0.658985 0.751645 -0.026319 0.008681
1782119932.790650368 -8.319490 -0.212455 0.942532 0.663586 0.747557 -0.027159 0.008696
1782119932.890809059 -8.310562 -0.159474 0.943412 0.667580 0.743963 -0.028242 0.007631
1782119932.990701675 -8.302943 -0.104233 0.944773 0.670649 0.741236 -0.027326 0.007237
1782119933.090672731 -8.295747 -0.045080 0.946269 0.674426 0.737799 -0.027082 0.008241
1782119933.190590858 -8.283826 0.009996 0.947187 0.679574 0.733139 -0.025615 0.005560
1782119933.290807486 -8.273588 0.069347 0.948299 0.686865 0.726240 -0.026901 0.008248
1782119933.390627623 -8.258133 0.120171 0.949262 0.694246 0.719298 -0.024730 0.004640
1782119933.490770578 -8.242563 0.174733 0.950694 0.703376 0.710306 -0.026101 0.006769
1782119933.590697765 -8.222175 0.223761 0.951647 0.713461 0.700205 -0.025836 0.004413
1782119933.690742016 -8.199862 0.272962 0.952812 0.722636 0.690698 -0.026736 0.004373
1782119933.789890766 -8.175146 0.319701 0.954505 0.731914 0.680870 -0.026474 0.004084
1782119933.890721798 -8.145700 0.362867 0.956579 0.742608 0.669242 -0.025353 0.002396
1782119933.990661383 -8.113210 0.405621 0.959139 0.757017 0.652829 -0.027101 0.002171
1782119934.090775490 -8.080095 0.444725 0.961275 0.774311 0.632224 -0.027068 0.001613
1782119934.190678358 -8.044294 0.480656 0.963757 0.791962 0.609905 -0.028439 0.001659
1782119934.290939093 -8.005971 0.513779 0.966301 0.809945 0.585845 -0.027844 -0.000245
1782119934.390533686 -7.964204 0.548291 0.968901 0.826922 0.561578 -0.028775 -0.001228
1782119934.490697145 -7.920898 0.580991 0.971163 0.843424 0.536522 -0.027840 -0.002252
1782119934.590627670 -7.874082 0.610551 0.973121 0.858691 0.511763 -0.026954 -0.004683
1782119934.690836906 -7.828539 0.641321 0.975291 0.872416 0.487972 -0.027578 -0.003597
1782119934.790754557 -7.780522 0.665676 0.976641 0.883907 0.466882 -0.026159 -0.006700
1782119934.890927315 -7.734082 0.686195 0.978008 0.894899 0.445565 -0.024420 -0.005601
1782119934.990807056 -7.683863 0.704334 0.979341 0.905868 0.422730 -0.025884 -0.005624
1782119935.090706110 -7.633746 0.718454 0.980524 0.916057 0.400132 -0.026220 -0.006849
1782119935.190590858 -7.583490 0.729609 0.981869 0.925190 0.378687 -0.023375 -0.008570
1782119935.290856838 -7.530793 0.742615 0.982984 0.934550 0.354944 -0.023962 -0.007474
1782119935.390646935 -7.479359 0.747942 0.984184 0.943263 0.331122 -0.023045 -0.009062
1782119935.490655899 -7.428159 0.753762 0.985231 0.950976 0.308235 -0.023602 -0.008904
1782119935.590797901 -7.377357 0.755838 0.986914 0.958413 0.284155 -0.024322 -0.010398
1782119935.690751314 -7.329199 0.759384 0.988292 0.964444 0.263005 -0.023905 -0.010197
1782119935.790626526 -7.278065 0.761679 0.990017 0.970044 0.241468 -0.024102 -0.011290
1782119935.890841246 -7.226022 0.764057 0.991770 0.975283 0.219357 -0.023676 -0.012081
1782119935.990706205 -7.170608 0.765498 0.993443 0.980180 0.196155 -0.024706 -0.012661
1782119936.090568781 -7.116873 0.763026 0.994941 0.984409 0.173897 -0.022061 -0.014577
1782119936.190824509 -7.056961 0.762932 0.996598 0.987817 0.152881 -0.025509 -0.013951
1782119936.290722609 -7.001632 0.758387 0.998169 0.990093 0.137609 -0.022926 -0.015911
1782119936.390660524 -6.941532 0.755455 0.999844 0.991914 0.123317 -0.025424 -0.015879
1782119936.490545511 -6.884265 0.750435 1.001339 0.993594 0.109122 -0.024224 -0.016632
1782119936.590688705 -6.825186 0.741850 1.002713 0.994808 0.097049 -0.024351 -0.018582
1782119936.690698385 -6.765429 0.734774 1.004428 0.995872 0.085096 -0.025541 -0.018572
1782119936.790828466 -6.708929 0.725292 1.005888 0.996800 0.073802 -0.023570 -0.019665
1782119936.890724659 -6.652889 0.718379 1.007796 0.997550 0.062792 -0.024794 -0.018368
1782119936.990611315 -6.598579 0.708071 1.008982 0.998266 0.050463 -0.023349 -0.019312
1782119937.090863466 -6.540153 0.699580 1.010406 0.998837 0.036352 -0.024804 -0.019695
1782119937.190726042 -6.481471 0.690927 1.011823 0.999381 0.017541 -0.023624 -0.019285
1782119937.290572643 -6.419282 0.680736 1.012914 0.999521 -0.005568 -0.022875 -0.020091
1782119937.390721798 -6.355590 0.669745 1.015166 0.999095 -0.029523 -0.022552 -0.020700
1782119937.490799427 -6.293959 0.660236 1.017273 0.998304 -0.050092 -0.021712 -0.020193
1782119937.590822697 -6.229691 0.649639 1.018446 0.997523 -0.063227 -0.023136 -0.020368
1782119937.690948248 -6.169732 0.637692 1.019709 0.996913 -0.072569 -0.021194 -0.021210
1782119937.790710926 -6.108573 0.626474 1.021843 0.996429 -0.078346 -0.022922 -0.021594
1782119937.890574455 -6.049951 0.615402 1.024136 0.995930 -0.084636 -0.022224 -0.021611
1782119937.990605354 -5.988599 0.602736 1.025793 0.995351 -0.091067 -0.022493 -0.021856
1782119938.090864897 -5.926679 0.591006 1.027415 0.994610 -0.098822 -0.023085 -0.021258
1782119938.190646648 -5.868920 0.577555 1.029189 0.993488 -0.110096 -0.019814 -0.021651
1782119938.290659666 -5.805850 0.564609 1.030582 0.992218 -0.120257 -0.024181 -0.021387
1782119938.390631199 -5.753067 0.548574 1.031872 0.989985 -0.137862 -0.017783 -0.024630
1782119938.490798235 -5.689836 0.535930 1.033207 0.987238 -0.155804 -0.023005 -0.023587
1782119938.590779305 -5.633531 0.522242 1.034726 0.983618 -0.177617 -0.019187 -0.024084
1782119938.690650702 -5.569183 0.506268 1.036132 0.979402 -0.199311 -0.021272 -0.024395
1782119938.790871859 -5.510597 0.488793 1.037613 0.975052 -0.219948 -0.016646 -0.024875
1782119938.890578747 -5.445423 0.467807 1.038880 0.971104 -0.236402 -0.020774 -0.025290
1782119938.990856647 -5.387321 0.446109 1.040441 0.966414 -0.255169 -0.016393 -0.025748
1782119939.090881824 -5.327078 0.420536 1.041536 0.962232 -0.270411 -0.017690 -0.025969
1782119939.190582037 -5.270271 0.394508 1.042299 0.957948 -0.285179 -0.016883 -0.026888
1782119939.290776968 -5.211238 0.368004 1.043356 0.953885 -0.298507 -0.018132 -0.025828
1782119939.390722275 -5.154099 0.338359 1.043812 0.949747 -0.311299 -0.018713 -0.026911
1782119939.489846945 -5.096278 0.309345 1.044586 0.945291 -0.324612 -0.018342 -0.026760
1782119939.590682268 -5.039516 0.277809 1.045373 0.941691 -0.334796 -0.018615 -0.027989
1782119939.690934658 -4.982251 0.248746 1.046171 0.938857 -0.342742 -0.017970 -0.027446
1782119939.790863752 -4.923646 0.220360 1.047259 0.936978 -0.347864 -0.018731 -0.026672
1782119939.890680313 -4.864196 0.191938 1.048426 0.934847 -0.353640 -0.017380 -0.026405
1782119939.990954876 -4.801147 0.160292 1.049402 0.931885 -0.361230 -0.018604 -0.027524
1782119940.090594530 -4.739538 0.130727 1.051068 0.926950 -0.373884 -0.014361 -0.027704
1782119940.190746307 -4.676120 0.099017 1.052399 0.922104 -0.385678 -0.014595 -0.027614
1782119940.290714741 -4.612728 0.065405 1.053992 0.917518 -0.396300 -0.017117 -0.028539
1782119940.390631199 -4.556050 0.033242 1.055386 0.914018 -0.404395 -0.013392 -0.029263
1782119940.490700483 -4.493457 -0.000307 1.056751 0.910924 -0.411211 -0.016605 -0.029097
1782119940.590663433 -4.434801 -0.034085 1.058304 0.906914 -0.419990 -0.015105 -0.029775
1782119940.690864325 -4.372280 -0.069031 1.059997 0.902589 -0.429195 -0.016651 -0.029123
1782119940.790662766 -4.317624 -0.104438 1.061436 0.897227 -0.440377 -0.012467 -0.029956
1782119940.890963316 -4.258976 -0.142327 1.063047 0.892951 -0.448856 -0.016592 -0.029859
1782119940.990586758 -4.207972 -0.178703 1.064521 0.887884 -0.458898 -0.012426 -0.030319
1782119941.090745449 -4.149750 -0.217662 1.065089 0.883519 -0.467148 -0.016445 -0.029924
1782119941.190717459 -4.097929 -0.252625 1.066011 0.877278 -0.478923 -0.012221 -0.029451
1782119941.290824890 -4.039146 -0.293437 1.065848 0.870060 -0.491802 -0.015984 -0.029522
1782119941.390666723 -3.986421 -0.332884 1.065496 0.859507 -0.510165 -0.010843 -0.029367
1782119941.490654230 -3.929830 -0.379594 1.065485 0.849879 -0.525868 -0.014999 -0.030722
1782119941.590836287 -3.881264 -0.423251 1.065824 0.838149 -0.544468 -0.010394 -0.030878
1782119941.690675020 -3.829394 -0.469325 1.066208 0.827479 -0.560478 -0.013088 -0.031181
1782119941.790652037 -3.781626 -0.516133 1.067144 0.815641 -0.577538 -0.011414 -0.032412
1782119941.890763998 -3.730876 -0.564119 1.068125 0.806109 -0.590744 -0.012931 -0.032305
1782119941.990759850 -3.681655 -0.611977 1.068913 0.799245 -0.600045 -0.010763 -0.032222
1782119942.090982437 -3.633766 -0.658448 1.069637 0.794190 -0.606773 -0.008846 -0.031782
1782119942.190832376 -3.584453 -0.707250 1.070075 0.790981 -0.610892 -0.010887 -0.032267
1782119942.290700436 -3.539256 -0.754240 1.070293 0.787771 -0.615060 -0.008125 -0.032434
1782119942.390638113 -3.489536 -0.804316 1.070427 0.785838 -0.617505 -0.010882 -0.032039
1782119942.490810156 -3.444868 -0.852985 1.070499 0.783387 -0.620647 -0.008779 -0.032016
1782119942.590721846 -3.396107 -0.906462 1.070718 0.780603 -0.624079 -0.011472 -0.032438
1782119942.690941334 -3.354093 -0.957193 1.071113 0.777714 -0.627724 -0.007958 -0.032558
1782119942.790595531 -3.307360 -1.012496 1.071322 0.774596 -0.631428 -0.014042 -0.033209
1782119942.890733004 -3.268604 -1.060475 1.071696 0.769046 -0.638396 -0.007628 -0.030984
1782119942.990670919 -3.226432 -1.116913 1.071535 0.763914 -0.644368 -0.012679 -0.032618
1782119943.090895653 -3.190662 -1.165957 1.071424 0.757187 -0.652454 -0.007543 -0.030240
1782119943.190670729 -3.154139 -1.221784 1.071024 0.751729 -0.658591 -0.011434 -0.032103
1782119943.290909290 -3.122438 -1.272012 1.070778 0.745602 -0.665651 -0.007227 -0.030546
1782119943.389860153 -3.091368 -1.324579 1.070554 0.742697 -0.668835 -0.009937 -0.031021
1782119943.490804911 -3.062186 -1.373889 1.070379 0.739519 -0.672433 -0.007589 -0.029799
1782119943.590713263 -3.032441 -1.428390 1.070148 0.737429 -0.674574 -0.011268 -0.031973
1782119943.690793037 -3.004378 -1.478236 1.069686 0.734637 -0.677714 -0.008165 -0.030752
1782119943.790723324 -2.973409 -1.535699 1.068990 0.731621 -0.680842 -0.011547 -0.032427
1782119943.890648603 -2.941882 -1.591590 1.068282 0.725159 -0.687803 -0.009232 -0.031400
1782119943.990849733 -2.910810 -1.654277 1.067465 0.719359 -0.693764 -0.010090 -0.033348
1782119944.090699196 -2.882294 -1.713760 1.066899 0.714073 -0.699258 -0.008786 -0.032554
1782119944.190667152 -2.856453 -1.774671 1.065670 0.711804 -0.701492 -0.009738 -0.033898
1782119944.290734768 -2.831479 -1.833095 1.064494 0.711400 -0.701912 -0.009434 -0.033767
1782119944.390685081 -2.807670 -1.891833 1.063129 0.710008 -0.703259 -0.009985 -0.034854
1782119944.490963459 -2.785054 -1.950123 1.061794 -0.706199 0.707129 0.008273 0.034380
1782119944.590804100 -2.763146 -2.011046 1.060171 -0.698991 0.714246 0.008695 0.034490
1782119944.690712929 -2.745316 -2.071717 1.058311 -0.691326 0.721714 0.005644 0.034119
1782119944.790644646 -2.727106 -2.136457 1.056139 -0.683358 0.729176 0.008175 0.035470
1782119944.890617132 -2.712921 -2.197060 1.054780 -0.673560 0.738341 0.003907 0.033973
1782119944.990760803 -2.697679 -2.263081 1.052300 -0.664959 0.746040 0.006081 0.034878
1782119945.090965986 -2.683148 -2.328848 1.051095 -0.654491 0.755273 0.004777 0.034368
1782119945.190952778 -2.666751 -2.398095 1.050115 -0.642892 0.765175 0.005690 0.034116
1782119945.290710449 -2.652757 -2.467812 1.050897 -0.629920 0.775878 0.005137 0.034453
1782119945.390567780 -2.642080 -2.534103 1.050302 -0.618762 0.784787 0.004135 0.034997
1782119945.490858078 -2.629729 -2.604102 1.049254 -0.609137 0.792282 0.005331 0.034821
1782119945.590656519 -2.619523 -2.672728 1.048208 -0.599573 0.799551 0.005271 0.034681
1782119945.690607071 -2.610368 -2.743477 1.047293 -0.591299 0.805691 0.005350 0.034636
1782119945.790871382 -2.601120 -2.813358 1.046197 -0.584999 0.810319 0.003765 0.033834
1782119945.890865088 -2.591636 -2.887184 1.044807 -0.580364 0.813597 0.004969 0.034830
1782119945.990826130 -2.583901 -2.954002 1.043269 -0.575865 0.816887 0.001474 0.032754
1782119946.090842009 -2.575928 -3.027175 1.041423 -0.572725 0.818953 0.005150 0.035719
1782119946.190640688 -2.565740 -3.093543 1.040360 -0.568884 0.821783 0.002226 0.032213
1782119946.290610075 -2.556998 -3.165036 1.038331 -0.567038 0.822943 0.004208 0.034867
1782119946.390900373 -2.546858 -3.238769 1.036719 -0.565031 0.824302 0.004170 0.035337
1782119946.490728617 -2.537390 -3.314540 1.034776 -0.560743 0.827232 0.002918 0.035299
1782119946.590671778 -2.527728 -3.391038 1.033046 -0.557428 0.829460 0.003867 0.035415
1782119946.690835238 -2.519425 -3.464978 1.031287 -0.553831 0.831851 0.004233 0.035739
1782119946.790935040 -2.511724 -3.536311 1.029067 -0.550137 0.834280 0.005231 0.036033
1782119946.890812874 -2.505316 -3.605337 1.027062 -0.546638 0.836576 0.005465 0.036028
1782119946.990791559 -2.499060 -3.672853 1.024899 -0.541982 0.839608 0.005837 0.035777
1782119947.090662241 -2.492171 -3.739705 1.023381 -0.536297 0.843305 0.005377 0.034551
1782119947.190625906 -2.486912 -3.803513 1.021392 -0.529397 0.847749 0.003239 0.032420
1782119947.290863514 -2.481099 -3.873863 1.019098 -0.521905 0.852306 0.006830 0.033808
1782119947.390680075 -2.476861 -3.935493 1.017659 -0.507045 0.861380 0.001711 0.030447
1782119947.490681887 -2.471857 -4.003452 1.016413 -0.489577 0.871360 0.004387 0.032058
1782119947.590791941 -2.470381 -4.064342 1.015085 -0.462756 0.885957 -0.001018 0.030604
1782119947.690797329 -2.468147 -4.133735 1.013860 -0.429825 0.902364 0.000337 0.031450
1782119947.790855646 -2.467039 -4.197633 1.012597 -0.391081 0.919893 -0.003757 0.028958
1782119947.890769005 -2.470080 -4.264406 1.011136 -0.352378 0.935313 -0.003098 0.031780
1782119947.989866018 -2.471564 -4.323718 1.010243 -0.317400 0.947847 -0.005524 0.028519
1782119948.090621233 -2.478168 -4.385262 1.008573 -0.288417 0.956997 -0.006055 0.030596
1782119948.190646410 -2.483625 -4.443546 1.007563 -0.264312 0.963971 -0.007636 0.028979
1782119948.290645838 -2.492187 -4.502634 1.006268 -0.246739 0.968608 -0.007432 0.029386
1782119948.390015364 -2.501856 -4.560178 1.005436 -0.235216 0.971472 -0.008595 0.029017
1782119948.490865946 -2.512295 -4.617572 1.004775 -0.224983 0.973866 -0.006992 0.030324
1782119948.590837002 -2.523158 -4.671359 1.004098 -0.215088 0.976122 -0.008678 0.029103
1782119948.690706968 -2.536485 -4.726615 1.002201 -0.205195 0.978212 -0.006382 0.030903
1782119948.789862871 -2.549039 -4.779250 0.999483 -0.195414 0.980251 -0.007651 0.029368
1782119948.890738964 -2.567330 -4.839662 0.995726 -0.184209 0.982360 -0.005149 0.031764
1782119948.990635395 -2.585175 -4.897154 0.991929 -0.171043 0.984777 -0.006253 0.030339
1782119949.090856552 -2.607899 -4.956620 0.988402 -0.155403 0.987352 -0.004742 0.031050
1782119949.190699100 -2.634813 -5.012610 0.984341 -0.137600 0.989981 -0.006824 0.030937
1782119949.290631533 -2.668592 -5.066408 0.981655 -0.112720 0.993086 -0.005960 0.032227
1782119949.390909910 -2.703956 -5.112789 0.979183 -0.083782 0.996016 -0.008171 0.029443
1782119949.490882158 -2.748791 -5.155679 0.976791 -0.050155 0.998236 -0.008391 0.030658
1782119949.590642691 -2.795780 -5.192055 0.974263 -0.012104 0.999479 -0.010739 0.027928
1782119949.690836191 -2.850052 -5.225492 0.971909 0.026145 0.999202 -0.012092 0.027665
1782119949.790756702 -2.906273 -5.254845 0.969584 0.059123 0.997800 -0.013680 0.026697
1782119949.890609741 -2.965755 -5.281850 0.967778 0.085360 0.995895 -0.012663 0.027339
1782119949.990893364 -3.024989 -5.298778 0.965444 0.108644 0.993598 -0.015571 0.026793
1782119950.090729952 -3.084459 -5.313874 0.963722 0.131698 0.990830 -0.015515 0.025921
1782119950.190621138 -3.146899 -5.321675 0.961725 0.153386 0.987683 -0.017110 0.025717
1782119950.290885687 -3.211634 -5.325501 0.959624 0.171482 0.984685 -0.018109 0.025717
1782119950.390910149 -3.277014 -5.325610 0.957618 0.183979 0.982426 -0.018457 0.025509
1782119950.490862131 -3.343932 -5.324675 0.955634 0.191622 0.980977 -0.018539 0.024923
1782119950.590778112 -3.411977 -5.321707 0.953489 0.195270 0.980239 -0.018299 0.025798
1782119950.690685272 -3.479053 -5.317410 0.951580 0.196575 0.979966 -0.018073 0.026428
1782119950.790762901 -3.548105 -5.311734 0.949889 0.194784 0.980302 -0.018013 0.027259
1782119950.890901566 -3.616464 -5.303709 0.947796 0.189886 0.981279 -0.018417 0.026383
1782119950.990681171 -3.683936 -5.294244 0.946270 0.178209 0.983488 -0.017543 0.026168
1782119951.090635300 -3.750789 -5.280557 0.944773 0.165825 0.985629 -0.018852 0.026120
1782119951.190876961 -3.818160 -5.267060 0.943491 0.150421 0.988102 -0.017765 0.026694
1782119951.290789127 -3.886562 -5.252827 0.942379 0.136971 0.990057 -0.017583 0.026760
1782119951.390655041 -3.957542 -5.239849 0.941045 0.124370 0.991709 -0.016375 0.027873
1782119951.490867615 -4.029885 -5.225227 0.939641 0.114717 0.992879 -0.016407 0.027614
1782119951.590827942 -4.098934 -5.209020 0.938069 0.105090 0.993993 -0.017034 0.025358
1782119951.690612793 -4.171201 -5.194364 0.935374 0.095278 0.994892 -0.016108 0.029182
1782119951.790882826 -4.235314 -5.178475 0.933245 0.085157 0.995901 -0.016909 0.025359
1782119951.890707731 -4.303705 -5.164555 0.929933 0.076381 0.996493 -0.016401 0.029971
1782119951.990746021 -4.368550 -5.152185 0.927222 0.068205 0.997147 -0.016044 0.028071
1782119952.090638161 -4.436104 -5.140585 0.923751 0.059878 0.997669 -0.015571 0.028797
1782119952.190757275 -4.502578 -5.128022 0.920215 0.051635 0.998175 -0.016086 0.026852
1782119952.290738344 -4.566379 -5.116960 0.916913 0.041010 0.998703 -0.015344 0.025979
1782119952.390906572 -4.630214 -5.105024 0.913391 0.028176 0.999143 -0.015749 0.025900
1782119952.490766048 -4.690582 -5.095315 0.909055 0.016500 0.999435 -0.015123 0.025075
1782119952.590652943 -4.753048 -5.086561 0.905339 0.006559 0.999505 -0.015001 0.026868
1782119952.690894127 -4.816480 -5.078899 0.903373 -0.002373 0.999542 -0.014169 0.026642
1782119952.790783167 -4.881800 -5.071225 0.901241 -0.009457 0.999499 -0.014515 0.026499
1782119952.890639544 -4.945847 -5.063964 0.900298 -0.014991 0.999447 -0.013704 0.026310
1782119952.989905596 -5.006119 -5.056182 0.896840 -0.019497 0.999342 -0.014592 0.026876
1782119953.090848684 -5.064763 -5.047726 0.894934 -0.024469 0.999259 -0.015560 0.025293
1782119953.190992355 -5.124277 -5.039057 0.893620 -0.029762 0.999064 -0.015814 0.027117
1782119953.290871382 -5.180500 -5.033617 0.890283 -0.036232 0.998832 -0.016671 0.027277
1782119953.390670776 -5.240293 -5.028949 0.887767 -0.042354 0.998550 -0.017033 0.028530
1782119953.490673542 -5.300493 -5.023019 0.885204 -0.048392 0.998256 -0.018767 0.028129
1782119953.590853453 -5.358885 -5.016024 0.882986 -0.055821 0.997840 -0.020297 0.028067
1782119953.690729856 -5.417030 -5.008985 0.881222 -0.064777 0.997267 -0.020945 0.028689
1782119953.790683985 -5.472885 -4.999252 0.879940 -0.074870 0.996507 -0.022063 0.029683
1782119953.890781879 -5.529399 -4.990231 0.877804 -0.085559 0.995618 -0.021283 0.031159
1782119953.991026878 -5.587951 -4.975440 0.875908 -0.095899 0.994586 -0.023999 0.032035
1782119954.090636730 -5.647881 -4.960173 0.873130 -0.102757 0.993835 -0.024087 0.033946
1782119954.190785170 -5.707852 -4.942638 0.873720 -0.108906 0.993147 -0.025059 0.034201
1782119954.290705919 -5.768078 -4.923894 0.871929 -0.116100 0.992178 -0.025578 0.038073
1782119954.390690088 -5.825483 -4.902946 0.871007 -0.127161 0.990842 -0.027599 0.036050
1782119954.490743399 -5.888033 -4.883338 0.869111 -0.140089 0.988959 -0.026935 0.040123
1782119954.590666533 -5.946086 -4.865056 0.869039 -0.158428 0.986305 -0.026633 0.037323
1782119954.690709352 -6.005270 -4.844332 0.868447 -0.179062 0.982776 -0.026445 0.037268
1782119954.790918589 -6.059826 -4.822777 0.869604 -0.201827 0.978415 -0.023447 0.037678
1782119954.890881538 -6.105682 -4.797472 0.869444 -0.228546 0.972660 -0.019012 0.036568
1782119954.990859032 -6.140383 -4.770708 0.869703 -0.253920 0.966511 -0.012116 0.035125
1782119955.090950489 -6.163825 -4.741302 0.869753 -0.279892 0.959343 -0.003307 0.036202
1782119955.190681219 -6.174396 -4.710948 0.869835 -0.310388 0.949965 0.002295 0.034938
1782119955.290930748 -6.175891 -4.682810 0.874830 -0.355553 0.934027 0.005285 0.033867
1782119955.389908552 -6.166158 -4.658941 0.873907 -0.416578 0.908459 0.011464 0.032166
1782119955.490683079 -6.153491 -4.633928 0.875547 -0.473335 0.880117 0.012752 0.034431
1782119955.590944529 -6.130857 -4.613386 0.877240 -0.519803 0.853430 0.015373 0.035018
1782119955.690782547 -6.102225 -4.595585 0.879044 -0.561050 0.826899 0.016219 0.034614
1782119955.790684700 -6.069906 -4.582195 0.880752 -0.599145 0.799630 0.017588 0.036150
1782119955.890613079 -6.034640 -4.570661 0.881598 -0.635426 0.771119 0.017106 0.036281
1782119955.990835428 -5.995866 -4.560315 0.884964 -0.671702 0.739620 0.018163 0.038052
1782119956.090883017 -5.954587 -4.554027 0.885265 0.707083 -0.705870 -0.016146 -0.038989
1782119956.190625429 -5.908162 -4.552566 0.887089 0.743547 -0.667402 -0.016570 -0.037925
1782119956.290853024 -5.860326 -4.551355 0.888517 0.778974 -0.625781 -0.015122 -0.037004
1782119956.390898943 -5.808374 -4.549322 0.889997 0.813726 -0.580044 -0.014398 -0.034523
1782119956.490685225 -5.753974 -4.548259 0.889909 0.847934 -0.528978 -0.014770 -0.031186
1782119956.589926243 -5.702750 -4.545756 0.889379 0.880639 -0.472748 -0.012831 -0.028634
1782119956.690768957 -5.646985 -4.540090 0.890010 0.909669 -0.414252 -0.014813 -0.026041
1782119956.790668726 -5.594029 -4.532995 0.892152 0.935146 -0.353071 -0.016035 -0.024215
1782119956.890881300 -5.542300 -4.523061 0.894046 0.956355 -0.290863 -0.017167 -0.022112
1782119956.990768194 -5.491338 -4.512573 0.895561 0.972554 -0.230813 -0.020198 -0.021342
1782119957.090657949 -5.443961 -4.500957 0.897004 0.982846 -0.182142 -0.020042 -0.020892
1782119957.189891577 -5.395749 -4.488719 0.899347 0.988227 -0.150165 -0.021999 -0.019343
1782119957.290764332 -5.348489 -4.477239 0.900559 0.989963 -0.138219 -0.020576 -0.021095
1782119957.390992165 -5.296611 -4.466089 0.902977 0.990614 -0.133159 -0.022988 -0.020600
1782119957.490630150 -5.244456 -4.457852 0.904794 0.990650 -0.132989 -0.021993 -0.021045
1782119957.590752363 -5.186228 -4.451951 0.906759 0.990691 -0.132445 -0.023129 -0.021341
1782119957.690824270 -5.127834 -4.447609 0.908167 0.990746 -0.132025 -0.021871 -0.022671
1782119957.790652990 -5.065796 -4.447413 0.910325 0.990869 -0.130721 -0.023084 -0.023640
1782119957.890783787 -5.004047 -4.449248 0.912093 0.991155 -0.128728 -0.021462 -0.024094
1782119957.989975691 -4.942948 -4.454110 0.914534 0.991867 -0.123168 -0.020348 -0.024818
1782119958.090793133 -4.877671 -4.459545 0.916059 0.992723 -0.115599 -0.020965 -0.026445
1782119958.190768003 -4.814427 -4.468889 0.918282 0.993527 -0.108037 -0.020417 -0.028553
1782119958.290609360 -4.750799 -4.478744 0.919841 0.994153 -0.101254 -0.021368 -0.030828
1782119958.390727043 -4.687341 -4.490603 0.922324 0.994859 -0.093491 -0.020442 -0.033134
1782119958.490772963 -4.623392 -4.504119 0.924634 0.995610 -0.084051 -0.020932 -0.035458
1782119958.590660572 -4.560200 -4.519145 0.926946 0.996340 -0.074175 -0.021060 -0.036886
1782119958.690696955 -4.501792 -4.535956 0.928687 0.996929 -0.065778 -0.018952 -0.038046
1782119958.790922642 -4.439076 -4.558074 0.930016 0.997254 -0.059049 -0.021922 -0.038939
1782119958.890036345 -4.378983 -4.587415 0.931246 0.997448 -0.055036 -0.020094 -0.040804
1782119958.989944220 -4.315151 -4.620321 0.932647 0.997765 -0.049846 -0.019905 -0.039795
1782119959.090825319 -4.247528 -4.661837 0.934123 0.997850 -0.047343 -0.020427 -0.040459
1782119959.190807104 -4.178559 -4.707573 0.933244 0.998071 -0.044712 -0.020412 -0.037915
1782119959.290767670 -4.110667 -4.761169 0.937409 0.998308 -0.043087 -0.019427 -0.033875
1782119959.390798092 -4.042439 -4.822544 0.938668 0.998539 -0.038748 -0.022439 -0.030249
1782119959.490761518 -3.978754 -4.882896 0.941261 0.998921 -0.035049 -0.021531 -0.021538
1782119959.590680122 -3.912713 -4.947881 0.943797 0.999031 -0.033807 -0.023769 -0.015135
1782119959.690908670 -3.846223 -5.009076 0.948868 0.999166 -0.032443 -0.023069 -0.009093
1782119959.790680885 -3.776766 -5.067219 0.952641 0.999206 -0.031704 -0.023579 -0.005078
1782119959.889914274 -3.709512 -5.121765 0.957320 0.999321 -0.029458 -0.021837 -0.003580
1782119959.990728855 -3.640226 -5.167968 0.958383 0.999296 -0.028669 -0.024193 -0.000672
1782119960.090790749 -3.576046 -5.212535 0.959253 0.999380 -0.028438 -0.020689 -0.001396
1782119960.190804005 -3.504903 -5.248553 0.958037 0.999287 -0.027947 -0.025379 -0.000608
1782119960.290835381 -3.434149 -5.280604 0.959518 0.999315 -0.028892 -0.022954 -0.002648
1782119960.391014338 -3.356494 -5.305934 0.958776 0.999233 -0.030961 -0.023709 -0.003699
1782119960.490831375 -3.280485 -5.325513 0.957388 0.999236 -0.031758 -0.022171 -0.005167
1782119960.590827227 -3.207926 -5.343297 0.958278 0.999187 -0.031035 -0.024286 -0.008544
1782119960.690677643 -3.136662 -5.355042 0.959800 0.999169 -0.030253 -0.025497 -0.009825
1782119960.790839434 -3.067914 -5.366295 0.961142 0.999160 -0.030163 -0.024895 -0.012213
1782119960.890874147 -2.997322 -5.371515 0.962518 0.999105 -0.030378 -0.026733 -0.012317
1782119960.990819454 -2.928221 -5.378085 0.964162 0.999123 -0.029498 -0.025828 -0.014708
1782119961.090818405 -2.860494 -5.381810 0.966575 0.999188 -0.027418 -0.025072 -0.015563
1782119961.190898180 -2.794305 -5.384914 0.969478 0.999264 -0.025410 -0.023665 -0.016289
1782119961.290658236 -2.727590 -5.386186 0.972440 0.999245 -0.025287 -0.024247 -0.016820
1782119961.389930964 -2.662076 -5.386413 0.975197 0.999226 -0.026790 -0.022988 -0.017339
1782119961.490720272 -2.593171 -5.385792 0.978111 0.999017 -0.033907 -0.022198 -0.017942
1782119961.590762138 -2.520738 -5.385013 0.981440 0.998755 -0.040634 -0.022569 -0.018101
1782119961.690818071 -2.444463 -5.384004 0.985195 0.998397 -0.048623 -0.022494 -0.018265
1782119961.790715694 -2.368890 -5.383560 0.988307 0.997986 -0.056678 -0.021731 -0.018402
1782119961.890709639 -2.293366 -5.383682 0.991175 0.997677 -0.061971 -0.021422 -0.018481
1782119961.990897179 -2.221683 -5.387013 0.993972 0.997294 -0.067662 -0.020611 -0.020059
1782119962.090701580 -2.149922 -5.388375 0.996109 0.997009 -0.071070 -0.023462 -0.019257
1782119962.190697908 -2.081978 -5.394223 0.998547 0.996846 -0.073158 -0.022117 -0.021377
1782119962.290947437 -2.012827 -5.398023 1.000613 0.996703 -0.074963 -0.023168 -0.020647
1782119962.390875101 -1.943817 -5.403541 1.002513 0.996578 -0.076616 -0.022998 -0.020812
1782119962.490887165 -1.875006 -5.409352 1.004073 0.996595 -0.076450 -0.022716 -0.020911
1782119962.590816975 -1.808427 -5.415368 1.005839 0.996627 -0.075875 -0.023677 -0.020417
1782119962.690791130 -1.746791 -5.422300 1.007664 0.996794 -0.074080 -0.021719 -0.021005
1782119962.790958643 -1.680626 -5.428198 1.009281 0.996813 -0.072939 -0.024870 -0.020635
1782119962.890911818 -1.615792 -5.434796 1.011278 0.996817 -0.073504 -0.022383 -0.021268
1782119962.990737438 -1.544210 -5.440822 1.013074 0.996764 -0.074510 -0.023284 -0.019177
1782119963.090732336 -1.474062 -5.452473 1.015237 0.996833 -0.073837 -0.020661 -0.021122
1782119963.190890312 -1.401582 -5.464081 1.017192 0.996887 -0.072717 -0.022508 -0.020533
1782119963.290780783 -1.332207 -5.478839 1.019099 0.997117 -0.069713 -0.021245 -0.021105
1782119963.390722513 -1.267639 -5.494101 1.020488 0.997727 -0.060766 -0.019695 -0.021457
1782119963.490844727 -1.201923 -5.507592 1.022376 0.998266 -0.050644 -0.021947 -0.020480
1782119963.591129541 -1.140225 -5.523388 1.024002 0.998742 -0.041295 -0.019648 -0.020568
1782119963.690663815 -1.074093 -5.540259 1.026679 0.999015 -0.031559 -0.022838 -0.021251
1782119963.790839672 -1.010523 -5.556461 1.028061 0.999339 -0.020368 -0.021077 -0.021502
1782119963.890795708 -0.947283 -5.571187 1.030020 0.999511 -0.010403 -0.020952 -0.020761
1782119963.990706444 -0.886181 -5.586173 1.032668 0.999545 0.000455 -0.022095 -0.020550
1782119964.090821266 -0.827931 -5.601858 1.034485 0.999450 0.014415 -0.021859 -0.020340
1782119964.190883160 -0.772077 -5.614362 1.036489 0.999209 0.027512 -0.021256 -0.019327
1782119964.290740013 -0.715836 -5.627981 1.038558 0.998789 0.039138 -0.022638 -0.019391
1782119964.391201973 -0.661782 -5.637892 1.041374 0.998305 0.051081 -0.021244 -0.018065
1782119964.490868568 -0.608826 -5.644745 1.043491 0.997542 0.064233 -0.021381 -0.018065
1782119964.590677500 -0.559083 -5.642815 1.045950 0.996376 0.080763 -0.021639 -0.015622
1782119964.690853834 -0.508744 -5.636802 1.048171 0.995028 0.095529 -0.023907 -0.014918
1782119964.790798426 -0.464073 -5.626180 1.050851 0.993583 0.110141 -0.020808 -0.015121
1782119964.890910387 -0.417489 -5.607114 1.052969 0.991745 0.125212 -0.024506 -0.012754
1782119964.990812540 -0.376582 -5.586783 1.055557 0.990492 0.135063 -0.022584 -0.013151
1782119965.090754271 -0.331647 -5.559730 1.058124 0.989169 0.144168 -0.025050 -0.011551
1782119965.190684080 -0.289491 -5.533276 1.060343 0.988863 0.146462 -0.023011 -0.012983
1782119965.290948868 -0.247656 -5.504244 1.062948 0.988510 0.148871 -0.023103 -0.012284
1782119965.390812635 -0.207214 -5.477164 1.065024 0.987533 0.154986 -0.024594 -0.012398
1782119965.490680456 -0.166587 -5.446730 1.067489 0.986501 0.161612 -0.023114 -0.012805
1782119965.590767384 -0.122753 -5.409476 1.070210 0.985097 0.169820 -0.025076 -0.010807
1782119965.690758228 -0.080643 -5.371718 1.072552 0.983650 0.178211 -0.022747 -0.012482
1782119965.790747643 -0.038511 -5.328613 1.075408 0.981724 0.188590 -0.022853 -0.011389
1782119965.890793562 0.001231 -5.284049 1.077767 0.978612 0.204089 -0.023154 -0.011425
1782119965.990868330 0.040186 -5.234278 1.080404 0.975116 0.220106 -0.024650 -0.009740
1782119966.090706110 0.078852 -5.183501 1.083247 0.971457 0.235764 -0.023665 -0.011263
1782119966.190883160 0.117239 -5.125309 1.086256 0.966841 0.254006 -0.024539 -0.009884
1782119966.290827990 0.151730 -5.066069 1.089511 0.960836 0.275914 -0.023892 -0.009749
1782119966.390717745 0.183420 -5.004454 1.092452 0.953599 0.300000 -0.023774 -0.009204
1782119966.490758419 0.213725 -4.937202 1.095568 0.945651 0.324119 -0.025559 -0.006147
1782119966.590698957 0.240375 -4.872781 1.099373 0.938044 0.345681 -0.022664 -0.008015
1782119966.690973759 0.268269 -4.803502 1.102577 0.930432 0.365466 -0.026589 -0.004974
1782119966.790813446 0.290644 -4.740060 1.105826 0.924963 0.379281 -0.023648 -0.005443
1782119966.890888453 0.316143 -4.677849 1.109294 0.919625 0.391985 -0.024847 -0.004474
1782119966.990697384 0.339840 -4.614511 1.112280 0.914981 0.402657 -0.025904 -0.002357
1782119967.090784073 0.362449 -4.553153 1.115343 0.910915 0.411837 -0.024838 -0.002796
1782119967.190815926 0.383304 -4.487606 1.118379 0.907469 0.419322 -0.025848 -0.000614
1782119967.290675640 0.402850 -4.422578 1.121253 0.904510 0.425721 -0.024905 -0.001973
1782119967.389956236 0.423055 -4.352352 1.124022 0.901335 0.432303 -0.026645 -0.000179
1782119967.490823507 0.442788 -4.284061 1.126507 0.897612 0.440063 -0.025136 -0.002364
1782119967.591223478 0.461184 -4.217449 1.129508 0.892101 0.451135 -0.025026 -0.002423
1782119967.691031456 0.481301 -4.148490 1.132862 0.885083 0.464625 -0.027394 -0.001127
1782119967.790892839 0.499433 -4.085245 1.136080 0.876207 0.481288 -0.024764 -0.003185
1782119967.890932560 0.520498 -4.017445 1.137088 0.865007 0.500995 -0.027699 -0.000632
1782119967.989941359 0.538862 -3.954883 1.140276 0.853233 0.520915 -0.025285 -0.001341
1782119968.090885162 0.561491 -3.885757 1.142671 0.842936 0.537327 -0.027180 0.000845
1782119968.190932512 0.583351 -3.818588 1.145266 0.833832 0.551412 -0.025866 0.001100
1782119968.290780067 0.606477 -3.755408 1.148367 0.823373 0.566973 -0.024477 -0.000488
1782119968.390708923 0.629436 -3.689848 1.150970 0.813057 0.581615 -0.025680 0.001574
1782119968.490717649 0.651019 -3.626010 1.154181 0.801872 0.596995 -0.024439 0.000998
1782119968.590797901 0.671317 -3.558472 1.157367 0.790286 0.612252 -0.024371 0.001344
1782119968.690751553 0.689851 -3.488577 1.160637 0.779036 0.626533 -0.023583 0.001779
1782119968.790753126 0.709140 -3.417011 1.164024 0.769797 0.637848 -0.023678 0.001170
1782119968.890736580 0.728127 -3.347585 1.167898 0.763800 0.645025 -0.023457 0.001282
1782119968.990891457 0.747664 -3.282007 1.171190 0.758589 0.651173 -0.022640 0.002009
1782119969.090922832 0.768853 -3.218497 1.174965 0.753551 0.657038 -0.021506 0.000358
1782119969.190885305 0.787798 -3.155944 1.178997 0.750253 0.660789 -0.021749 0.002541
1782119969.290757895 0.807853 -3.099289 1.182203 0.747414 0.664042 -0.020482 0.000896
1782119969.391008377 0.825821 -3.039839 1.185413 0.747490 0.663909 -0.021584 0.004172
1782119969.490797281 0.845789 -2.983803 1.188816 0.749451 0.661715 -0.021101 0.003218
1782119969.590739489 0.863042 -2.929899 1.191765 0.750230 0.660837 -0.020750 0.004431
1782119969.690956116 0.880486 -2.876360 1.194416 0.752217 0.658498 -0.022801 0.005454
1782119969.790842056 0.894182 -2.827545 1.195969 0.754160 0.656253 -0.023329 0.005486
1782119969.890790224 0.906152 -2.775832 1.197654 0.758491 0.651139 -0.025513 0.007680
1782119969.990736723 0.916670 -2.722180 1.198473 0.761849 0.647145 -0.026812 0.008412
1782119970.090791225 0.924281 -2.662381 1.201586 0.762506 0.646251 -0.028864 0.010497
1782119970.190861940 0.930274 -2.604419 1.203037 0.763017 0.645693 -0.028257 0.009328
1782119970.289991140 0.935155 -2.546864 1.205760 0.761364 0.647513 -0.030474 0.011090
1782119970.389958858 0.939387 -2.493291 1.207297 0.760756 0.648308 -0.029383 0.009115
1782119970.490780592 0.943903 -2.437033 1.209304 0.757587 0.651936 -0.030564 0.010351
1782119970.590754986 0.948377 -2.384005 1.211528 0.755647 0.654239 -0.030166 0.007698
1782119970.690966606 0.950067 -2.328231 1.215355 0.751359 0.659128 -0.030680 0.008261
1782119970.790920258 0.950602 -2.275106 1.217079 0.748127 0.662913 -0.028713 0.005273
1782119970.890735149 0.949276 -2.217856 1.220305 0.743099 0.668543 -0.028920 0.004256
1782119970.990785599 0.945556 -2.164362 1.221819 0.735171 0.677279 -0.028165 0.004909
1782119971.090818405 0.936504 -2.116102 1.226359 0.727109 0.686055 -0.025190 0.002528
1782119971.189982176 0.920362 -2.070286 1.230833 0.713518 0.700121 -0.025304 0.009097
1782119971.290816069 0.900125 -2.033361 1.236072 0.698571 0.715143 -0.022664 0.007489
1782119971.390820742 0.869627 -1.995878 1.240234 0.673287 0.739004 -0.021064 0.010613
1782119971.490843773 0.828558 -1.965414 1.245932 0.640585 0.767531 -0.018914 0.013725
1782119971.590925932 0.782974 -1.942690 1.252929 0.596321 0.802447 -0.016924 0.013908
1782119971.690831661 0.731215 -1.929599 1.260848 0.542254 0.839930 -0.014627 0.016276
1782119971.790724039 0.678710 -1.924427 1.268890 0.484882 0.874271 -0.015011 0.017737
1782119971.890764475 0.625836 -1.931698 1.277505 0.424592 0.905102 -0.014375 0.017459
1782119971.990742683 0.572095 -1.950298 1.286998 0.370531 0.928560 -0.012885 0.017814
1782119972.090701818 0.521966 -1.977454 1.295572 0.315326 0.948790 -0.012458 0.014527
1782119972.190806389 0.473549 -2.012872 1.303454 0.264038 0.964422 -0.009967 0.008595
1782119972.290741682 0.427903 -2.051372 1.308991 0.212542 0.977095 -0.009361 0.004851
1782119972.390750647 0.388397 -2.100122 1.311752 0.159887 0.987114 -0.006012 0.002298
1782119972.490739584 0.354759 -2.151710 1.311494 0.107394 0.994209 -0.003252 0.002283
1782119972.590889692 0.331063 -2.207482 1.308026 0.054544 0.998500 -0.001784 0.004338
1782119972.690748692 0.312109 -2.266910 1.300485 0.004253 0.999946 -0.001216 0.009424
1782119972.790831327 0.300748 -2.326027 1.288069 -0.045108 0.998890 -0.003039 0.013222
1782119972.890734196 0.293183 -2.388989 1.277838 -0.091007 0.995656 -0.001315 0.019640
1782119972.990063667 0.293677 -2.449437 1.264184 -0.135207 0.990592 -0.002516 0.020972
1782119973.090888977 0.296391 -2.513379 1.252055 -0.179560 0.983484 -0.001043 0.022743
1782119973.190827131 0.300815 -2.575060 1.241246 -0.223611 0.974329 -0.001667 0.026033
1782119973.290716410 0.311830 -2.639068 1.228417 -0.266668 0.963412 -0.001123 0.026899
1782119973.390838623 0.324420 -2.704288 1.217694 -0.308712 0.950667 -0.001027 0.030451
1782119973.490895510 0.342977 -2.770450 1.207523 -0.349159 0.936507 -0.000705 0.032295
1782119973.589973688 0.362810 -2.837151 1.198975 -0.387505 0.921185 -0.000374 0.035463
1782119973.690805674 0.386082 -2.904292 1.191380 -0.419082 0.907272 -0.000607 0.035024
1782119973.790810108 0.406123 -2.972096 1.184530 -0.444649 0.894918 0.001041 0.037519
1782119973.890977859 0.425522 -3.037239 1.178608 -0.463196 0.885463 0.000408 0.037483
1782119973.990931511 0.440827 -3.101489 1.173849 -0.471719 0.880918 0.000755 0.038261
1782119974.090887785 0.453826 -3.165335 1.169710 -0.474033 0.879726 0.001197 0.037066
1782119974.190060377 0.460059 -3.229319 1.166161 -0.471077 0.881288 0.001043 0.037634
1782119974.290975332 0.461582 -3.295623 1.162757 -0.464056 0.885029 0.000856 0.037076
1782119974.390753508 0.456491 -3.359619 1.159362 -0.454014 0.890198 -0.001184 0.037649
1782119974.490838289 0.450458 -3.425385 1.156681 -0.445110 0.894730 -0.000292 0.036540
1782119974.590781689 0.439682 -3.489642 1.154115 -0.439526 0.897480 -0.001087 0.036667
1782119974.690945387 0.427843 -3.553297 1.151625 -0.435656 0.899405 -0.000184 0.035688
1782119974.790056705 0.412204 -3.614168 1.149091 -0.430457 0.901871 -0.000486 0.036545
1782119974.890899420 0.396453 -3.678074 1.146840 -0.422174 0.905840 -0.000111 0.034973
1782119974.990776539 0.375236 -3.741767 1.143558 -0.413058 0.910032 -0.001518 0.034971
1782119975.090773821 0.353129 -3.807415 1.140571 -0.406902 0.912819 -0.001328 0.034497
1782119975.190812826 0.328733 -3.871531 1.136264 -0.402839 0.914651 -0.001856 0.033627
1782119975.290865660 0.302525 -3.938483 1.132765 -0.404858 0.913759 -0.001047 0.033657
1782119975.390761614 0.278226 -4.004081 1.128402 -0.408755 0.912059 -0.000578 0.032664
1782119975.491017342 0.252161 -4.074319 1.124590 -0.413769 0.909731 0.001631 0.034372
1782119975.590767622 0.227756 -4.144873 1.121973 -0.418425 0.907657 0.001798 0.032820
1782119975.690847635 0.203700 -4.218482 1.120054 -0.422663 0.905699 0.001461 0.032603
1782119975.790791988 0.181567 -4.292227 1.118053 -0.428211 0.903088 0.002138 0.032608
1782119975.890758276 0.159644 -4.364401 1.116817 -0.442226 0.896280 0.002143 0.033379
1782119975.990000486 0.139595 -4.432489 1.113570 -0.474250 0.879730 -0.000714 0.034090
1782119976.090882778 0.119812 -4.505203 1.109636 -0.495504 0.867772 -0.001068 0.038035
1782119976.190699339 0.113050 -4.573288 1.107308 -0.499443 0.865819 0.001921 0.030169
1782119976.290714979 0.093950 -4.644085 1.104040 -0.497339 0.866876 0.001553 0.034299
1782119976.391026735 0.077087 -4.708872 1.100976 -0.492500 0.869662 -0.001882 0.033594
1782119976.490775108 0.061227 -4.779230 1.097659 -0.486142 0.873118 0.001239 0.036451
1782119976.590000868 0.048491 -4.841119 1.095100 -0.479384 0.876984 -0.001609 0.032983
1782119976.690943003 0.035413 -4.907843 1.091902 -0.475678 0.878913 0.000926 0.035229
1782119976.790771723 0.023298 -4.972416 1.089438 -0.472678 0.880549 0.000280 0.034776
1782119976.890786648 0.011823 -5.039532 1.086614 -0.468905 0.882553 0.001010 0.035019
1782119976.990959883 0.001345 -5.109784 1.084082 -0.470493 0.881701 0.001679 0.035176
1782119977.090753555 -0.007198 -5.175535 1.081746 -0.477634 0.877913 -0.000913 0.033665
1782119977.190783501 -0.013193 -5.245606 1.079589 -0.490039 0.870963 0.002308 0.035775
1782119977.290961981 -0.015445 -5.305590 1.077531 -0.506811 0.861427 0.000172 0.032953
1782119977.390955925 -0.018045 -5.368439 1.075563 -0.528930 0.847887 0.003137 0.036214
1782119977.490981340 -0.016690 -5.424837 1.073939 -0.552876 0.832538 0.001119 0.034743
1782119977.590802431 -0.014434 -5.485130 1.072259 -0.579187 0.814344 0.003799 0.037033
1782119977.690774679 -0.010163 -5.538734 1.071238 -0.605300 0.795216 0.002215 0.035190
1782119977.790764570 -0.006148 -5.588106 1.069713 -0.631702 0.774375 0.003537 0.035812
1782119977.890840769 -0.001167 -5.632995 1.068609 -0.657422 0.752670 0.003901 0.035619
1782119977.990776777 0.004374 -5.674812 1.067229 -0.682341 0.730075 0.005779 0.036991
1782119978.091011286 0.010737 -5.713178 1.065901 -0.706565 0.706724 0.004705 0.035847
1782119978.191027641 0.018254 -5.751638 1.064515 0.729542 -0.682946 -0.006638 -0.036186
1782119978.290746927 0.024344 -5.786163 1.063045 0.752872 -0.657195 -0.005467 -0.035318
1782119978.390008926 0.029327 -5.818797 1.061741 0.774350 -0.631737 -0.007423 -0.035150
1782119978.490816355 0.031836 -5.847883 1.060327 0.792966 -0.608192 -0.008586 -0.035123
1782119978.590724230 0.032214 -5.871474 1.059033 0.810664 -0.584466 -0.007490 -0.034169
1782119978.690822601 0.036348 -5.893996 1.057842 0.825065 -0.563904 -0.010773 -0.034115
1782119978.790880680 0.039904 -5.913061 1.057015 0.838722 -0.543412 -0.011329 -0.033485
1782119978.890761614 0.042899 -5.930967 1.056077 0.851815 -0.522689 -0.011223 -0.032894
1782119978.990903139 0.042766 -5.949418 1.055040 0.865788 -0.499198 -0.010882 -0.033064
1782119979.090971708 0.044359 -5.968022 1.054850 0.882021 -0.469847 -0.014234 -0.032856
1782119979.190154076 0.045720 -5.982158 1.054456 0.898772 -0.437088 -0.014059 -0.031081
1782119979.289993048 0.049622 -5.994167 1.053949 0.917200 -0.396999 -0.015166 -0.030086
1782119979.390965939 0.052467 -6.003066 1.053269 0.935655 -0.351362 -0.015651 -0.029148
1782119979.490864515 0.051696 -6.009551 1.052934 0.952539 -0.302661 -0.015720 -0.028628
1782119979.589998007 0.049321 -6.015066 1.052584 0.968261 -0.247850 -0.018292 -0.026590
1782119979.690854549 0.045887 -6.013984 1.052485 0.982230 -0.185271 -0.016698 -0.024898
1782119979.790845633 0.047175 -6.008402 1.053301 0.992488 -0.118866 -0.017930 -0.022730
1782119979.890813351 0.046140 -6.003136 1.053769 0.997774 -0.060312 -0.018295 -0.021785
1782119979.990906000 0.046188 -5.997422 1.054141 0.999489 -0.014715 -0.019708 -0.020429
1782119980.090758801 0.044710 -5.993575 1.055007 0.999436 0.019695 -0.019575 -0.018897
1782119980.190043449 0.042582 -5.990127 1.055674 0.998580 0.046382 -0.019341 -0.017680
1782119980.290843248 0.041770 -5.987610 1.056781 0.997321 0.068472 -0.019624 -0.016622
1782119980.390974283 0.041229 -5.986177 1.057493 0.996125 0.084131 -0.019893 -0.016163
1782119980.491072655 0.040866 -5.985708 1.058216 0.995645 0.089722 -0.019749 -0.015866
1782119980.590835333 0.041105 -5.986269 1.058882 0.995722 0.088849 -0.019854 -0.015769
1782119980.690730810 0.041200 -5.986415 1.059320 0.995745 0.088695 -0.019600 -0.015523
1782119980.790764570 0.041239 -5.987005 1.060002 0.995755 0.088629 -0.019408 -0.015526
1782119980.890952826 0.042028 -5.986775 1.060619 0.995765 0.088561 -0.019111 -0.015620
1782119980.990765572 0.042246 -5.987099 1.060908 0.995772 0.088471 -0.019087 -0.015684
1782119981.089978218 0.042475 -5.987350 1.061176 0.995779 0.088428 -0.019006 -0.015602
1782119981.190931559 0.042701 -5.987597 1.061527 0.995785 0.088381 -0.018990 -0.015519
1782119981.290906429 0.042901 -5.987843 1.061671 0.995789 0.088341 -0.018931 -0.015525
1782119981.390785456 0.043112 -5.987998 1.061811 0.995796 0.088284 -0.018866 -0.015486
1782119981.490834951 0.043281 -5.988188 1.062008 0.995799 0.088257 -0.018837 -0.015489
1782119981.589956760 0.043462 -5.988271 1.062104 0.995803 0.088222 -0.018834 -0.015462
1782119981.690771580 0.043579 -5.988402 1.062202 0.995801 0.088221 -0.018917 -0.015466
1782119981.790993929 0.043779 -5.988376 1.062118 0.995804 0.088230 -0.018803 -0.015396
1782119981.890913248 0.043831 -5.988396 1.062173 0.995807 0.088176 -0.018841 -0.015470
1782119981.989989281 0.043873 -5.988327 1.062080 0.995807 0.088155 -0.018850 -0.015531
1782119982.090858459 0.043944 -5.988188 1.061994 0.995805 0.088178 -0.018829 -0.015575
1782119982.190820932 0.043882 -5.988098 1.061979 0.995808 0.088125 -0.018839 -0.015678
1782119982.290934563 0.043891 -5.987963 1.061898 0.995805 0.088163 -0.018772 -0.015754
1782119982.389986992 0.043838 -5.987873 1.062065 0.995801 0.088176 -0.018886 -0.015765
1782119982.490888834 0.043832 -5.987809 1.062012 0.995802 0.088184 -0.018810 -0.015730
1782119982.590793610 0.043816 -5.987839 1.061861 0.995806 0.088151 -0.018781 -0.015751
1782119982.690942526 0.043816 -5.987870 1.061543 0.995810 0.088094 -0.018774 -0.015778
1782119982.790927887 0.043826 -5.987915 1.061259 0.995811 0.088126 -0.018662 -0.015682
1782119982.889963865 0.043717 -5.987993 1.061020 0.995812 0.088120 -0.018648 -0.015665
1782119982.989959717 0.043528 -5.988062 1.060735 0.995813 0.088098 -0.018662 -0.015688
1782119983.090905666 0.043243 -5.988179 1.060558 0.995808 0.088108 -0.018824 -0.015767
1782119983.191074848 0.042886 -5.988184 1.060559 0.995809 0.088089 -0.018890 -0.015769
1782119983.290822506 0.042463 -5.988308 1.060586 0.995808 0.088082 -0.018942 -0.015793
1782119983.390880823 0.041990 -5.988472 1.060580 0.995811 0.088049 -0.018958 -0.015745
1782119983.491333008 0.041576 -5.988672 1.060563 0.995809 0.088075 -0.019013 -0.015673
1782119983.591289997 0.041256 -5.988838 1.060695 0.995810 0.088069 -0.018989 -0.015666
1782119983.690845490 0.040791 -5.989155 1.060652 0.995807 0.088077 -0.019100 -0.015683
1782119983.789985180 0.040382 -5.989418 1.060617 0.995810 0.088032 -0.019174 -0.015686
1782119983.890838146 0.040059 -5.989711 1.060565 0.995813 0.088036 -0.019094 -0.015562
1782119983.990804195 0.039614 -5.990099 1.060605 0.995820 0.087975 -0.019040 -0.015494
1782119984.090783834 0.039165 -5.990515 1.060687 0.995823 0.087918 -0.019154 -0.015483
1782119984.190970182 0.038892 -5.990789 1.060683 0.995824 0.087907 -0.019233 -0.015370
1782119984.290754080 0.038342 -5.991326 1.060807 0.995829 0.087857 -0.019222 -0.015397
1782119984.390785217 0.037955 -5.991737 1.060918 0.995826 0.087870 -0.019311 -0.015375
1782119984.490866184 0.037735 -5.991965 1.060883 0.995829 0.087844 -0.019343 -0.015307
1782119984.590768099 0.037323 -5.992448 1.061030 0.995831 0.087836 -0.019252 -0.015304
1782119984.690812826 0.037050 -5.992731 1.061013 0.995833 0.087848 -0.019126 -0.015311
1782119984.790975094 0.036842 -5.992881 1.060959 0.995835 0.087804 -0.019194 -0.015298
1782119984.890874147 0.036519 -5.993203 1.061054 0.995834 0.087814 -0.019194 -0.015302
1782119984.991041422 0.036243 -5.993333 1.060889 0.995836 0.087803 -0.019148 -0.015327
1782119985.090909004 0.035971 -5.993501 1.060863 0.995835 0.087794 -0.019218 -0.015373
1782119985.190948486 0.035836 -5.993599 1.060754 0.995837 0.087768 -0.019210 -0.015351
1782119985.289994955 0.035772 -5.993586 1.060562 0.995842 0.087716 -0.019229 -0.015338
1782119985.391000986 0.035859 -5.993445 1.060415 0.995842 0.087696 -0.019309 -0.015309
1782119985.490790367 0.036062 -5.993184 1.060090 0.995843 0.087708 -0.019230 -0.015332
1782119985.591058731 0.036406 -5.992764 1.059964 0.995842 0.087708 -0.019235 -0.015337
1782119985.690856218 0.036919 -5.992213 1.059744 0.995844 0.087712 -0.019144 -0.015351
1782119985.790754557 0.037496 -5.991585 1.059547 0.995846 0.087660 -0.019134 -0.015512
1782119985.890757799 0.038350 -5.990736 1.059251 0.995845 0.087684 -0.018952 -0.015641
1782119985.990984917 0.039201 -5.989846 1.058992 0.995850 0.087664 -0.018642 -0.015821
1782119986.090898275 0.040170 -5.988906 1.058734 0.995856 0.087630 -0.018267 -0.016086
1782119986.190005541 0.041107 -5.988044 1.058434 0.995860 0.087599 -0.017847 -0.016474
1782119986.290880919 0.041987 -5.987231 1.058279 0.995865 0.087580 -0.017301 -0.016813
1782119986.390850067 0.042614 -5.986676 1.058205 0.995873 0.087539 -0.016608 -0.017250
1782119986.490985870 0.042863 -5.986512 1.058336 0.995883 0.087443 -0.015955 -0.017773
1782119986.590967894 0.042638 -5.986901 1.058526 0.995896 0.087398 -0.014967 -0.018115
1782119986.690766096 0.041493 -5.987989 1.059023 0.995910 0.087300 -0.014041 -0.018555
1782119986.790058136 0.039242 -5.989918 1.059639 0.995927 0.087186 -0.013091 -0.018878
1782119986.890999079 0.035508 -5.992967 1.060338 0.995956 0.086944 -0.012147 -0.019091
1782119986.990962267 0.030018 -5.997185 1.061443 0.995982 0.086759 -0.011350 -0.019091
1782119987.090925694 0.022533 -6.002732 1.062798 0.996012 0.086500 -0.010874 -0.018943
