1782119897.690622330 -0.000638 -0.000570 1.200000 0.099645 0.994444 0.000779 0.033923
1782119897.790625095 0.007050 0.005565 1.199119 0.099506 0.994523 -0.000766 0.031956
1782119897.890673637 0.012099 0.009636 1.198454 0.099403 0.994585 -0.002461 0.030220
1782119897.990537882 0.015219 0.012232 1.197908 0.099344 0.994634 -0.003987 0.028596
1782119898.090710640 0.016963 0.013731 1.197443 0.099305 0.994670 -0.005307 0.027229
1782119898.190637589 0.017683 0.014418 1.197081 0.099296 0.994696 -0.006412 0.026065
1782119898.290656805 0.016866 0.013915 1.196917 0.099277 0.994719 -0.007500 0.024934
1782119898.390439987 0.016557 0.013805 1.196732 0.099273 0.994731 -0.008164 0.024254
1782119898.489886045 0.016086 0.013595 1.196570 0.099309 0.994734 -0.008586 0.023848
1782119898.590681791 0.011054 0.009907 1.197913 0.099042 0.994777 -0.009421 0.022822
1782119898.690709829 0.009818 0.009004 1.197967 0.099010 0.994784 -0.009825 0.022456
1782119898.790730238 0.008720 0.008210 1.198061 0.098996 0.994788 -0.010099 0.022249
1782119898.890750885 0.007845 0.007579 1.198128 0.098978 0.994792 -0.010206 0.022075
1782119898.990482807 0.007057 0.007023 1.198269 0.098997 0.994792 -0.010290 0.021954
1782119899.090600014 0.006504 0.006603 1.198329 0.098974 0.994795 -0.010334 0.021910
1782119899.190677404 0.006078 0.006282 1.198394 0.098980 0.994795 -0.010293 0.021900
1782119899.290632963 0.005810 0.006055 1.198555 0.098954 0.994797 -0.010293 0.021922
1782119899.390622377 0.005673 0.005938 1.198602 0.098960 0.994795 -0.010263 0.022004
1782119899.490481377 0.005614 0.005842 1.198693 0.098951 0.994795 -0.010245 0.022079
1782119899.590716600 0.005632 0.005824 1.198735 0.098967 0.994792 -0.010260 0.022135
1782119899.690743685 0.005715 0.005849 1.198788 0.099007 0.994787 -0.010284 0.022139
1782119899.790753603 0.005878 0.005932 1.198748 0.098955 0.994791 -0.010246 0.022211
1782119899.890513182 0.006041 0.006093 1.198792 0.098948 0.994791 -0.010195 0.022258
1782119899.990620852 0.006182 0.006204 1.198903 0.098953 0.994790 -0.010194 0.022276
1782119900.090670347 0.006403 0.006415 1.198854 0.098937 0.994792 -0.010099 0.022316
1782119900.190620422 0.006530 0.006569 1.198884 0.098896 0.994795 -0.010034 0.022386
1782119900.290630817 0.006694 0.006767 1.198937 0.098858 0.994800 -0.009986 0.022387
1782119900.390790939 0.006812 0.007009 1.198885 0.098855 0.994801 -0.009991 0.022340
1782119900.490004301 0.006990 0.007207 1.198871 0.098866 0.994800 -0.009901 0.022362
1782119900.590764046 0.007098 0.007324 1.199003 0.098863 0.994800 -0.009902 0.022371
1782119900.690586567 0.007207 0.007473 1.199009 0.098885 0.994798 -0.009895 0.022382
1782119900.790500164 0.007307 0.007567 1.199033 0.098851 0.994800 -0.009937 0.022404
1782119900.890677452 0.007385 0.007630 1.199040 0.098825 0.994802 -0.009958 0.022417
1782119900.990650654 0.007433 0.007659 1.199061 0.098807 0.994805 -0.009960 0.022389
1782119901.090649366 0.007468 0.007703 1.198982 0.098820 0.994805 -0.009978 0.022341
1782119901.190620899 0.007475 0.007697 1.198923 0.098806 0.994807 -0.010030 0.022281
1782119901.290630341 0.007535 0.007736 1.198860 0.098811 0.994807 -0.010069 0.022234
1782119901.390647650 0.007591 0.007779 1.198768 0.098844 0.994804 -0.010099 0.022208
1782119901.490537643 0.007709 0.007850 1.198774 0.098857 0.994802 -0.010183 0.022180
1782119901.590843439 0.007876 0.007974 1.198697 0.098866 0.994802 -0.010212 0.022151
1782119901.690705538 0.008110 0.008192 1.198558 0.098886 0.994800 -0.010240 0.022120
1782119901.790588856 0.008413 0.008443 1.198457 0.098909 0.994799 -0.010243 0.022065
1782119901.890614986 0.008850 0.008846 1.198235 0.098919 0.994798 -0.010199 0.022094
1782119901.990440845 0.009354 0.009268 1.198099 0.098914 0.994799 -0.010176 0.022082
1782119902.090694427 0.009991 0.009836 1.197907 0.098958 0.994794 -0.010089 0.022167
1782119902.190568447 0.010697 0.010417 1.197850 0.098986 0.994789 -0.010019 0.022296
1782119902.290733576 0.011561 0.011168 1.197629 0.099022 0.994782 -0.009784 0.022536
1782119902.390603781 0.012433 0.011913 1.197573 0.099064 0.994773 -0.009509 0.022841
1782119902.490501881 0.012469 0.011987 1.197477 0.099083 0.994772 -0.009482 0.022849
1782119902.590756178 0.012598 0.011988 1.197488 0.099057 0.994773 -0.009404 0.022921
1782119902.690573931 0.012549 0.011935 1.197524 0.099072 0.994773 -0.009384 0.022888
1782119902.790715218 0.010892 0.010517 1.197734 0.098963 0.994789 -0.009875 0.022422
1782119902.890821218 0.011599 0.011039 1.197506 0.098973 0.994784 -0.009737 0.022670
1782119902.990615129 0.011471 0.010815 1.197403 0.098962 0.994785 -0.009788 0.022645
1782119903.090688705 0.008614 0.008901 1.198255 0.098781 0.994806 -0.009865 0.022484
1782119903.190747499 0.008334 0.008677 1.198117 0.098766 0.994809 -0.009901 0.022427
1782119903.290752411 0.008035 0.008452 1.197886 0.098760 0.994810 -0.009839 0.022419
1782119903.390763283 0.007633 0.008126 1.197714 0.098774 0.994810 -0.009873 0.022328
1782119903.490407944 0.007204 0.007813 1.197565 0.098842 0.994805 -0.009937 0.022232
1782119903.590534449 0.006891 0.007489 1.197342 0.098853 0.994804 -0.009872 0.022287
1782119903.690656185 0.006491 0.007074 1.197380 0.098849 0.994805 -0.009968 0.022208
1782119903.790727615 0.006205 0.006622 1.197313 0.098892 0.994803 -0.010016 0.022080
1782119903.890641212 0.005814 0.006190 1.197310 0.098900 0.994801 -0.010206 0.022056
1782119903.990492105 0.005977 0.005692 1.197236 0.098883 0.994805 -0.010127 0.021956
1782119904.090723991 0.004708 0.005122 1.197240 0.098781 0.994803 -0.010143 0.022523
1782119904.190668821 -0.000059 0.005848 1.197096 0.095807 0.995064 -0.010162 0.023771
1782119904.290728807 -0.009731 0.006089 1.196910 0.088772 0.995695 -0.009748 0.024813
1782119904.390496016 -0.022885 0.009395 1.196531 0.086242 0.995879 -0.009847 0.026261
1782119904.489902258 -0.036803 0.015940 1.196209 0.084647 0.995968 -0.010678 0.027724
1782119904.590490341 -0.050452 0.021936 1.196137 0.071761 0.996975 -0.011765 0.027439
1782119904.690674067 -0.065924 0.026436 1.196070 0.052595 0.998154 -0.012540 0.027648
1782119904.790694475 -0.083369 0.029197 1.195911 0.037576 0.998821 -0.012792 0.027945
1782119904.890519619 -0.103329 0.031517 1.195726 0.028773 0.999086 -0.013011 0.028809
1782119904.990432978 -0.125118 0.034639 1.195316 0.022490 0.999236 -0.012995 0.029211
1782119905.090760231 -0.149260 0.040004 1.194641 0.018900 0.999311 -0.013382 0.029011
1782119905.190749645 -0.175995 0.046363 1.193975 0.013584 0.999398 -0.013611 0.028887
1782119905.290687084 -0.204621 0.053158 1.193361 0.006162 0.999490 -0.013521 0.028264
1782119905.390667439 -0.236072 0.061230 1.192681 0.001484 0.999476 -0.013112 0.029548
1782119905.490423918 -0.265522 0.072862 1.192069 -0.006366 0.999487 -0.013865 0.028152
1782119905.590426922 -0.297922 0.085399 1.191181 -0.021213 0.999230 -0.013993 0.029880
1782119905.690763712 -0.333043 0.096543 1.190516 -0.040049 0.998661 -0.012993 0.030067
1782119905.790596008 -0.368589 0.109821 1.189398 -0.060067 0.997650 -0.013341 0.030147
1782119905.890725136 -0.404331 0.121432 1.187992 -0.080183 0.996217 -0.013057 0.030836
1782119905.990676165 -0.439011 0.131549 1.186594 -0.097802 0.994621 -0.011936 0.031971
1782119906.090665340 -0.473614 0.142368 1.185330 -0.114772 0.992821 -0.011847 0.031533
1782119906.190754652 -0.509728 0.152406 1.184406 -0.128120 0.991177 -0.011207 0.032061
1782119906.290693998 -0.545472 0.161728 1.182996 -0.138949 0.989709 -0.010362 0.032587
1782119906.390543461 -0.582093 0.172022 1.181490 -0.146502 0.988620 -0.010874 0.032398
1782119906.490017176 -0.621612 0.179095 1.180133 -0.152732 0.987666 -0.010024 0.032995
1782119906.590756893 -0.661295 0.186581 1.178472 -0.156594 0.987052 -0.010317 0.033157
1782119906.690571785 -0.698280 0.193705 1.177077 -0.158891 0.986721 -0.010547 0.031992
1782119906.790505409 -0.736477 0.195422 1.175665 -0.159902 0.986522 -0.009026 0.033520
1782119906.890629530 -0.773188 0.197264 1.174334 -0.155907 0.987166 -0.009405 0.033291
1782119906.990687370 -0.810508 0.197875 1.172903 -0.149651 0.988141 -0.008911 0.033219
1782119907.090675592 -0.849335 0.198672 1.171774 -0.142126 0.989274 -0.009294 0.032410
1782119907.190696239 -0.888592 0.198029 1.170866 -0.135271 0.990235 -0.009152 0.032446
1782119907.290821075 -0.924940 0.196573 1.169916 -0.128203 0.991193 -0.008778 0.031997
1782119907.389882565 -0.959885 0.194356 1.168344 -0.126888 0.991371 -0.009534 0.031486
1782119907.489903927 -0.991926 0.190735 1.167802 -0.125706 0.991543 -0.009255 0.030912
1782119907.590658903 -1.023441 0.184828 1.166952 -0.125255 0.991544 -0.008932 0.032738
1782119907.690443993 -1.052470 0.176692 1.165870 -0.127093 0.991335 -0.009030 0.031954
1782119907.790675640 -1.082567 0.165243 1.165015 -0.128051 0.991231 -0.008958 0.031382
1782119907.890678883 -1.114441 0.151059 1.162856 -0.127237 0.991334 -0.008322 0.031602
1782119907.990519762 -1.145981 0.136262 1.160966 -0.125105 0.991625 -0.008857 0.030825
1782119908.090773344 -1.177832 0.120155 1.159194 -0.122711 0.991902 -0.009136 0.031459
1782119908.190808535 -1.207620 0.103175 1.157740 -0.118936 0.992417 -0.009549 0.029524
1782119908.290446281 -1.239051 0.083925 1.156470 -0.117908 0.992470 -0.008919 0.031975
1782119908.390558720 -1.264817 0.064891 1.155387 -0.121557 0.992066 -0.009563 0.030614
1782119908.490849972 -1.290379 0.042959 1.154528 -0.126555 0.991421 -0.008586 0.031523
1782119908.590425968 -1.314940 0.020190 1.154041 -0.132794 0.990580 -0.007745 0.032522
1782119908.690629482 -1.342273 -0.004660 1.153368 -0.182288 0.982600 -0.008088 0.034680
1782119908.790728331 -1.363529 -0.033890 1.152398 -0.261081 0.964732 -0.004656 0.033271
1782119908.890679359 -1.388442 -0.063458 1.149941 -0.330047 0.943233 -0.003399 0.036990
1782119908.990640402 -1.407355 -0.093258 1.147773 -0.397125 0.916989 -0.003062 0.037595
1782119909.090697527 -1.424434 -0.125337 1.145904 -0.451758 0.891270 -0.000788 0.039394
1782119909.190470219 -1.441025 -0.155019 1.144146 -0.489727 0.870945 -0.001738 0.040240
1782119909.290620565 -1.457725 -0.185234 1.142641 -0.490333 0.870602 0.000388 0.040314
1782119909.390678406 -1.475249 -0.215205 1.141360 -0.487022 0.872539 0.000774 0.038535
1782119909.490870953 -1.496798 -0.247168 1.139963 -0.485322 0.873470 0.000453 0.038884
1782119909.590621710 -1.519075 -0.282243 1.138670 -0.483692 0.874348 0.001247 0.039437
1782119909.690687895 -1.540541 -0.318095 1.137825 -0.475978 0.878670 0.001792 0.037148
1782119909.790679216 -1.566449 -0.352388 1.136160 -0.465632 0.884195 -0.000194 0.037226
1782119909.890814781 -1.590961 -0.388473 1.134643 -0.453392 0.890572 0.000625 0.036275
1782119909.990604162 -1.615673 -0.420957 1.133456 -0.444776 0.894990 0.000081 0.034157
1782119910.090646029 -1.642779 -0.450465 1.132023 -0.444305 0.895213 -0.000979 0.034449
1782119910.190620899 -1.669068 -0.479613 1.130810 -0.445984 0.894338 -0.000542 0.035454
1782119910.290616751 -1.693611 -0.506591 1.129622 -0.446806 0.893959 -0.001311 0.034637
1782119910.390748262 -1.713670 -0.526950 1.128652 -0.448845 0.892991 -0.003088 0.033111
1782119910.490850687 -1.727228 -0.540569 1.127784 -0.450751 0.892018 -0.003672 0.033375
1782119910.590629578 -1.736809 -0.553917 1.126925 -0.452568 0.891042 -0.001838 0.034981
1782119910.690670967 -1.744490 -0.564026 1.126304 -0.453418 0.890623 -0.001811 0.034630
1782119910.790629148 -1.751306 -0.572784 1.125722 -0.454311 0.890195 -0.002011 0.033924
1782119910.890700817 -1.758271 -0.581208 1.125118 -0.455088 0.889787 -0.001942 0.034219
1782119910.990485907 -1.764593 -0.589158 1.124742 -0.455948 0.889341 -0.001785 0.034365
1782119911.090677500 -1.770571 -0.596021 1.124206 -0.456758 0.888941 -0.002094 0.033939
1782119911.190578222 -1.776459 -0.602076 1.123876 -0.457660 0.888475 -0.002323 0.033985
1782119911.290755033 -1.782124 -0.607774 1.123412 -0.458408 0.888070 -0.002254 0.034478
1782119911.390625954 -1.786625 -0.611642 1.123216 -0.459043 0.887742 -0.002722 0.034449
1782119911.490845203 -1.790246 -0.616062 1.122707 -0.459530 0.887501 -0.002774 0.034153
1782119911.590744495 -1.794277 -0.620726 1.122130 -0.460046 0.887227 -0.002709 0.034324
1782119911.690673590 -1.797431 -0.624368 1.121779 -0.460391 0.887042 -0.002792 0.034489
1782119911.790826559 -1.800627 -0.628159 1.121458 -0.460831 0.886811 -0.002769 0.034549
1782119911.890477180 -1.803096 -0.631237 1.121152 -0.460932 0.886750 -0.002709 0.034772
1782119911.990641356 -1.804571 -0.633115 1.120886 -0.461118 0.886650 -0.002710 0.034848
1782119912.090688705 -1.805178 -0.633711 1.120662 -0.461034 0.886693 -0.002855 0.034858
1782119912.190852642 -1.805124 -0.633544 1.120353 -0.460914 0.886757 -0.002958 0.034814
1782119912.290634871 -1.805042 -0.633472 1.120011 -0.460886 0.886770 -0.002908 0.034850
1782119912.390708923 -1.805180 -0.633474 1.119659 -0.460791 0.886816 -0.002917 0.034940
1782119912.490921497 -1.807619 -0.637201 1.119057 -0.460603 0.886835 -0.001695 0.036951
1782119912.590725183 -1.811989 -0.644945 1.118552 -0.459475 0.887462 -0.001982 0.035929
1782119912.690558672 -1.823346 -0.661651 1.117692 -0.459198 0.887558 -0.000540 0.037113
1782119912.790733576 -1.840549 -0.683434 1.116763 -0.459059 0.887618 -0.000480 0.037400
1782119912.890659332 -1.861702 -0.708801 1.115713 -0.458752 0.887815 -0.001240 0.036465
1782119912.990680218 -1.887155 -0.736742 1.114402 -0.459723 0.887312 -0.001647 0.036468
1782119913.090664625 -1.913006 -0.764110 1.113490 -0.460121 0.887116 -0.001192 0.036223
1782119913.190642357 -1.939533 -0.789742 1.112274 -0.461115 0.886587 -0.001363 0.036545
1782119913.290588379 -1.967212 -0.813797 1.110894 -0.462547 0.885833 -0.002556 0.036655
1782119913.390474319 -1.995802 -0.838157 1.109659 -0.463328 0.885425 -0.002065 0.036688
1782119913.490883112 -2.026240 -0.860113 1.108222 -0.462699 0.885794 -0.002222 0.035696
1782119913.590559959 -2.058405 -0.878154 1.106948 -0.460258 0.887124 -0.002836 0.034134
1782119913.690770388 -2.093632 -0.895762 1.105723 -0.456665 0.888986 -0.003618 0.033886
1782119913.790626049 -2.129733 -0.911819 1.104226 -0.448212 0.893278 -0.004070 0.033831
1782119913.890545845 -2.166878 -0.924908 1.102638 -0.435875 0.899349 -0.004852 0.034071
1782119913.990760088 -2.205536 -0.936852 1.101036 -0.423181 0.905407 -0.005492 0.033546
1782119914.090593815 -2.246498 -0.949200 1.099263 -0.405935 0.913257 -0.005270 0.033921
1782119914.190536261 -2.292248 -0.958988 1.097329 -0.384745 0.922354 -0.006447 0.034537
1782119914.290492296 -2.339533 -0.965557 1.095327 -0.361454 0.931766 -0.007428 0.033284
1782119914.389776707 -2.387324 -0.970357 1.093463 -0.337171 0.940832 -0.008137 0.032918
1782119914.490785599 -2.437691 -0.975189 1.091485 -0.313573 0.948943 -0.007669 0.033460
1782119914.590768099 -2.488197 -0.973977 1.089501 -0.293623 0.955292 -0.008911 0.033504
1782119914.690691233 -2.539746 -0.969516 1.087327 -0.273364 0.961238 -0.010435 0.034408
1782119914.790567636 -2.589825 -0.965615 1.085513 -0.251461 0.967229 -0.009655 0.033807
1782119914.890821218 -2.641476 -0.957179 1.084179 -0.231019 0.972311 -0.010743 0.033560
1782119914.990694523 -2.692405 -0.946811 1.082624 -0.210672 0.976951 -0.011435 0.032468
1782119915.090598583 -2.741359 -0.935304 1.081810 -0.187407 0.981703 -0.011448 0.031716
1782119915.190517426 -2.789201 -0.922524 1.080632 -0.167225 0.985363 -0.011327 0.031113
1782119915.290728569 -2.834859 -0.906650 1.079474 -0.147523 0.988554 -0.011926 0.029262
1782119915.390635967 -2.879907 -0.892041 1.078330 -0.126090 0.991517 -0.011187 0.029507
1782119915.491052866 -2.925382 -0.876711 1.077295 -0.105063 0.993998 -0.009943 0.028817
1782119915.590639114 -2.970941 -0.858029 1.076433 -0.087700 0.995680 -0.010729 0.028536
1782119915.690542698 -3.016966 -0.838213 1.075707 -0.072032 0.996928 -0.011531 0.028511
1782119915.790549040 -3.062295 -0.817643 1.074870 -0.058266 0.997814 -0.012624 0.028514
1782119915.890761375 -3.107020 -0.798224 1.073950 -0.048033 0.998365 -0.012271 0.028449
1782119915.990632057 -3.152962 -0.777931 1.073464 -0.040630 0.998719 -0.011975 0.027687
1782119916.090654850 -3.198187 -0.755253 1.072770 -0.033713 0.998958 -0.012601 0.028072
1782119916.190697432 -3.242404 -0.730656 1.071906 -0.027698 0.999137 -0.013161 0.028028
1782119916.290712118 -3.286141 -0.705915 1.071561 -0.019269 0.999334 -0.012859 0.028191
1782119916.390758514 -3.329159 -0.676459 1.070554 -0.013295 0.999407 -0.014350 0.028339
1782119916.490816832 -3.371450 -0.645854 1.070338 -0.008027 0.999471 -0.014987 0.027714
1782119916.590577841 -3.415340 -0.615388 1.069862 -0.001738 0.999508 -0.014447 0.027779
1782119916.690733433 -3.460647 -0.580886 1.068938 0.005323 0.999475 -0.015066 0.028192
1782119916.790798903 -3.506727 -0.545422 1.068298 0.013258 0.999412 -0.014691 0.027985
1782119916.890605211 -3.552004 -0.508806 1.067320 0.021789 0.999234 -0.015459 0.028602
1782119916.989857435 -3.596461 -0.472759 1.066654 0.029844 0.999036 -0.015792 0.028054
1782119917.090761185 -3.641928 -0.436972 1.065780 0.036640 0.998812 -0.015827 0.027952
1782119917.190701723 -3.686058 -0.401204 1.064916 0.043218 0.998559 -0.016504 0.027199
1782119917.290837288 -3.732611 -0.367257 1.064095 0.048628 0.998266 -0.016472 0.028806
1782119917.390633583 -3.776482 -0.333370 1.063458 0.048325 0.998333 -0.016915 0.026651
1782119917.490919828 -3.826050 -0.300749 1.062558 0.047757 0.998302 -0.016397 0.029037
1782119917.591116667 -3.875003 -0.265212 1.061902 0.043951 0.998487 -0.017397 0.028096
1782119917.690708637 -3.924434 -0.232410 1.060963 0.038128 0.998752 -0.015984 0.028038
1782119917.790684462 -3.973977 -0.197788 1.060123 0.033239 0.998884 -0.016612 0.029156
1782119917.890713215 -4.021394 -0.165464 1.059182 0.030115 0.999012 -0.015821 0.028603
1782119917.990650654 -4.068984 -0.133481 1.058304 0.027350 0.999060 -0.015861 0.029650
1782119918.090739489 -4.115350 -0.102743 1.057606 0.023862 0.999147 -0.015594 0.029873
1782119918.190851927 -4.158479 -0.073704 1.057238 0.019782 0.999269 -0.015028 0.029043
1782119918.290857315 -4.203290 -0.042263 1.056444 0.016164 0.999299 -0.015912 0.029788
1782119918.390625238 -4.246270 -0.012982 1.055759 0.009382 0.999430 -0.015326 0.028567
1782119918.490869045 -4.291031 0.012712 1.055574 0.007642 0.999403 -0.014048 0.030641
1782119918.590740681 -4.333965 0.037185 1.055020 0.007008 0.999417 -0.013471 0.030563
1782119918.690560341 -4.377573 0.063883 1.053571 0.006534 0.999429 -0.014110 0.029988
1782119918.789907455 -4.423429 0.089068 1.052482 0.005721 0.999402 -0.013892 0.031142
1782119918.890695572 -4.465720 0.115302 1.051852 0.004373 0.999483 -0.014091 0.028554
1782119918.990680933 -4.508090 0.141518 1.050343 0.002375 0.999461 -0.014111 0.029530
1782119919.090706587 -4.552314 0.167393 1.048611 -0.002121 0.999454 -0.013208 0.030201
1782119919.190712929 -4.592898 0.195619 1.047847 -0.006154 0.999483 -0.014171 0.028183
1782119919.290673018 -4.634391 0.220955 1.047241 -0.009094 0.999400 -0.013868 0.030398
1782119919.390549898 -4.673183 0.247450 1.046390 -0.013519 0.999350 -0.014392 0.030150
1782119919.490923405 -4.714211 0.272501 1.045648 -0.018680 0.999279 -0.013459 0.030201
1782119919.590563774 -4.758616 0.299007 1.044834 -0.024151 0.999127 -0.013544 0.031268
1782119919.690497160 -4.801230 0.326588 1.043956 -0.029847 0.999041 -0.014230 0.028707
1782119919.790707588 -4.847803 0.351657 1.043109 -0.033852 0.998830 -0.013581 0.031743
1782119919.890681505 -4.891317 0.375838 1.042066 -0.042476 0.998584 -0.013129 0.029205
1782119919.990652084 -4.939796 0.395524 1.040821 -0.050786 0.998151 -0.011791 0.031233
1782119920.090629578 -4.987831 0.413679 1.039411 -0.057839 0.997796 -0.011944 0.030254
1782119920.190609455 -5.039630 0.428595 1.037824 -0.059967 0.997638 -0.011127 0.031599
1782119920.290489912 -5.092873 0.443263 1.036225 -0.060755 0.997595 -0.012348 0.030982
1782119920.390792608 -5.148577 0.454520 1.034917 -0.061345 0.997573 -0.011320 0.030929
1782119920.490741730 -5.203418 0.464677 1.033819 -0.061601 0.997570 -0.011155 0.030575
1782119920.590667725 -5.259173 0.478004 1.032752 -0.063141 0.997388 -0.013482 0.032390
1782119920.690754414 -5.309907 0.487791 1.031681 -0.065036 0.997343 -0.012322 0.030430
1782119920.790677071 -5.363439 0.499510 1.030231 -0.065728 0.997247 -0.012526 0.031974
1782119920.890722275 -5.414595 0.509777 1.029256 -0.067190 0.997182 -0.011482 0.031348
1782119920.990623236 -5.467216 0.524165 1.028011 -0.067655 0.997115 -0.013137 0.031823
1782119921.090608597 -5.521189 0.536344 1.026966 -0.069866 0.996976 -0.012503 0.031648
1782119921.190710306 -5.575278 0.551006 1.025861 -0.071962 0.996839 -0.012962 0.031078
1782119921.290760756 -5.629143 0.563651 1.024938 -0.074888 0.996626 -0.012077 0.031344
1782119921.390544176 -5.682654 0.577433 1.023414 -0.079979 0.996261 -0.011771 0.030492
1782119921.490941525 -5.737212 0.588949 1.022031 -0.083138 0.996016 -0.010445 0.030501
1782119921.590705156 -5.792770 0.600506 1.020568 -0.086506 0.995697 -0.010260 0.031617
1782119921.690700054 -5.850320 0.612274 1.019343 -0.087698 0.995576 -0.011137 0.031832
1782119921.790743589 -5.909892 0.620807 1.018004 -0.089751 0.995425 -0.010205 0.031133
1782119921.890680075 -5.972904 0.630539 1.016947 -0.090463 0.995372 -0.010899 0.030535
1782119921.990853548 -6.035137 0.638205 1.015772 -0.092902 0.995166 -0.010227 0.030169
1782119922.090729952 -6.096693 0.646653 1.014855 -0.097284 0.994731 -0.010353 0.030634
1782119922.190701246 -6.154033 0.655087 1.014025 -0.103181 0.994182 -0.010553 0.029054
1782119922.290700674 -6.211615 0.661063 1.012851 -0.109248 0.993490 -0.010231 0.030610
1782119922.390687227 -6.265964 0.667756 1.010154 -0.117912 0.992496 -0.011082 0.030412
1782119922.490903854 -6.321404 0.671234 1.007176 -0.127952 0.991224 -0.011103 0.031310
1782119922.590714693 -6.379479 0.671363 1.004385 -0.140184 0.989527 -0.010378 0.032834
1782119922.690788507 -6.436348 0.671297 1.002283 -0.154320 0.987496 -0.010486 0.030446
1782119922.790729046 -6.495900 0.666852 1.000004 -0.168909 0.985031 -0.009045 0.033195
1782119922.890718937 -6.553026 0.662570 0.998084 -0.183322 0.982490 -0.009357 0.031906
1782119922.990767956 -6.610783 0.653756 0.996757 -0.199636 0.979263 -0.009422 0.033190
1782119923.090639353 -6.664492 0.638805 0.995488 -0.216900 0.975610 -0.007419 0.032925
1782119923.190828323 -6.718543 0.621288 0.994026 -0.231475 0.972241 -0.006540 0.033542
1782119923.290757418 -6.771085 0.601077 0.992389 -0.245873 0.968698 -0.006888 0.033506
1782119923.390606642 -6.822308 0.575823 0.990638 -0.263448 0.964077 -0.005844 0.033430
1782119923.490604877 -6.869903 0.548699 0.989523 -0.280716 0.959201 -0.005403 0.033208
1782119923.590796232 -6.913673 0.520557 0.987895 -0.294746 0.954997 -0.005242 0.032837
1782119923.690801620 -6.953020 0.490573 0.986254 -0.308057 0.950809 -0.005080 0.032193
1782119923.790589809 -6.987622 0.459704 0.984675 -0.320363 0.946691 -0.004805 0.033464
1782119923.890779972 -7.016703 0.427052 0.983018 -0.333678 0.942061 -0.004511 0.034049
1782119923.990658045 -7.040963 0.391990 0.981429 -0.347033 0.937239 -0.002963 0.033799
1782119924.090595245 -7.064619 0.356597 0.979798 -0.360622 0.932065 -0.002576 0.034631
1782119924.190778732 -7.084972 0.318688 0.978567 -0.377137 0.925538 -0.002168 0.033798
1782119924.290675163 -7.103978 0.279534 0.977009 -0.393765 0.918575 -0.001468 0.034150
1782119924.390736818 -7.120763 0.240955 0.975493 -0.415022 0.909192 -0.002293 0.033481
1782119924.490800142 -7.136419 0.199009 0.974034 -0.435229 0.899615 -0.000287 0.035613
1782119924.590731859 -7.149106 0.158473 0.972516 -0.455677 0.889491 -0.000697 0.034121
1782119924.690877438 -7.160909 0.115116 0.970889 -0.474957 0.879320 0.000701 0.034798
1782119924.790756702 -7.171038 0.071701 0.969334 -0.492582 0.869604 0.000618 0.033939
1782119924.890632153 -7.182800 0.026211 0.967435 -0.512051 0.858250 0.000155 0.034800
1782119924.990614176 -7.192997 -0.021766 0.966111 -0.526012 0.849745 0.001692 0.035253
1782119925.090825081 -7.201140 -0.069252 0.964583 -0.540588 0.840575 0.001995 0.034548
1782119925.190684080 -7.208288 -0.115218 0.963516 -0.553906 0.831849 0.002454 0.034784
1782119925.290719748 -7.213726 -0.158561 0.962281 -0.567327 0.822745 0.003305 0.034916
1782119925.390537500 -7.218772 -0.201538 0.961174 -0.582017 0.812449 0.002753 0.034274
1782119925.490707636 -7.225909 -0.243858 0.960229 -0.596395 0.801915 0.004082 0.035063
1782119925.590605736 -7.233717 -0.283944 0.959065 -0.607449 0.793612 0.003653 0.034250
1782119925.690782547 -7.243832 -0.325223 0.958270 -0.617452 0.785861 0.004815 0.033946
1782119925.790655613 -7.255891 -0.367283 0.957359 -0.626875 0.778369 0.004923 0.033852
1782119925.890554905 -7.272633 -0.413892 0.956108 -0.637825 0.769407 0.003974 0.034301
1782119925.990811825 -7.290716 -0.463093 0.955141 -0.649049 0.759958 0.004981 0.034272
1782119926.090689659 -7.310632 -0.513888 0.953806 -0.661194 0.749411 0.004836 0.034380
1782119926.190563202 -7.328331 -0.567214 0.951486 -0.672131 0.739640 0.006098 0.033689
1782119926.290556431 -7.346749 -0.617118 0.949703 -0.682434 0.730218 0.004636 0.032319
1782119926.390752554 -7.362784 -0.669703 0.947493 -0.692066 0.720949 0.007460 0.034959
1782119926.490667820 -7.377693 -0.718935 0.945612 -0.701371 0.711934 0.006419 0.034471
1782119926.590775728 -7.388872 -0.772118 0.944645 0.710218 -0.703063 -0.008503 -0.034927
1782119926.690782309 -7.400510 -0.824177 0.943973 0.716678 -0.696530 -0.007058 -0.034191
1782119926.790512323 -7.408739 -0.880396 0.943038 0.722430 -0.690539 -0.008634 -0.034300
1782119926.890727282 -7.418827 -0.935392 0.941654 0.726349 -0.686404 -0.007820 -0.034707
1782119926.990769625 -7.427241 -0.990509 0.940311 0.730056 -0.682458 -0.008460 -0.034625
1782119927.090566397 -7.438041 -1.042616 0.938753 0.732205 -0.680140 -0.007689 -0.035024
1782119927.190524817 -7.447145 -1.094083 0.937465 0.732309 -0.680088 -0.007410 -0.033902
1782119927.290795088 -7.457690 -1.145353 0.935854 0.730120 -0.682428 -0.007868 -0.033973
1782119927.390714169 -7.470684 -1.195949 0.934131 0.726554 -0.686215 -0.007014 -0.034334
1782119927.490905762 -7.484698 -1.247848 0.932552 0.719129 -0.693997 -0.007424 -0.034162
1782119927.590761662 -7.504142 -1.298612 0.930832 0.710667 -0.702667 -0.005364 -0.034405
1782119927.690551758 -7.524220 -1.348508 0.929427 -0.698277 0.714994 0.005847 0.034033
1782119927.789857388 -7.548527 -1.395605 0.928040 -0.683548 0.729101 0.004892 0.033912
1782119927.890810013 -7.575128 -1.439095 0.926568 -0.668934 0.742563 0.003032 0.033431
1782119927.990538597 -7.602258 -1.481043 0.925503 -0.650613 0.758613 0.003333 0.034609
1782119928.090786457 -7.630805 -1.517526 0.924368 -0.631651 0.774517 0.001398 0.033736
1782119928.190762043 -7.662291 -1.550062 0.922856 -0.612554 0.789694 -0.000788 0.034063
1782119928.290652275 -7.695604 -1.578860 0.921515 -0.593393 0.804199 -0.002467 0.033790
1782119928.390733957 -7.732580 -1.606259 0.920267 -0.567335 0.822797 -0.003099 0.033543
1782119928.490676880 -7.774509 -1.630733 0.919289 -0.537522 0.842578 -0.003425 0.033480
1782119928.590537071 -7.820435 -1.652453 0.917557 -0.505990 0.861897 -0.004553 0.032971
1782119928.690577745 -7.869923 -1.667695 0.916464 -0.473294 0.880228 -0.006862 0.033810
1782119928.790801525 -7.917417 -1.679781 0.915556 -0.437471 0.898603 -0.007016 0.032903
1782119928.890549660 -7.965839 -1.685741 0.914861 -0.401300 0.915337 -0.008290 0.032372
1782119928.990542412 -8.013844 -1.687875 0.914313 -0.366065 0.930011 -0.008992 0.031561
1782119929.090759754 -8.062625 -1.685139 0.914056 -0.328913 0.943789 -0.010350 0.031157
1782119929.190758705 -8.108680 -1.677547 0.914312 -0.285315 0.957906 -0.010926 0.029873
1782119929.290725470 -8.151638 -1.666176 0.914388 -0.236713 0.971076 -0.011357 0.029161
1782119929.390688419 -8.189353 -1.649962 0.914841 -0.188764 0.981582 -0.012160 0.026791
1782119929.490595102 -8.223414 -1.630112 0.915086 -0.140005 0.989725 -0.013466 0.025713
1782119929.590556622 -8.253554 -1.606704 0.915389 -0.092050 0.995344 -0.014921 0.024372
1782119929.690681934 -8.281397 -1.581428 0.915567 -0.043833 0.998629 -0.016416 0.023443
1782119929.790545702 -8.307014 -1.552857 0.915700 0.005368 0.999576 -0.017609 0.022551
1782119929.890753984 -8.331637 -1.524038 0.915624 0.054303 0.998140 -0.017426 0.021536
1782119929.990795851 -8.354283 -1.491862 0.916257 0.107234 0.993868 -0.018456 0.019639
1782119930.090827703 -8.375355 -1.456375 0.916688 0.160142 0.986697 -0.019670 0.019934
1782119930.189867973 -8.396653 -1.417761 0.916654 0.207334 0.977846 -0.021378 0.019284
1782119930.290703773 -8.414688 -1.375854 0.916636 0.244218 0.969320 -0.021930 0.017183
1782119930.390541792 -8.429811 -1.333176 0.917513 0.274905 0.961091 -0.021811 0.016022
1782119930.490806341 -8.442299 -1.288453 0.918122 0.302973 0.952603 -0.022669 0.015557
1782119930.590711832 -8.453026 -1.244779 0.918787 0.331647 0.943015 -0.021983 0.015814
1782119930.690557241 -8.461858 -1.198971 0.919155 0.356671 0.933833 -0.022077 0.015972
1782119930.789854288 -8.467303 -1.151056 0.919284 0.378535 0.925182 -0.022909 0.015013
1782119930.890710115 -8.469638 -1.104019 0.919617 0.402153 0.915174 -0.022939 0.014228
1782119930.990659475 -8.468297 -1.057553 0.919976 0.428202 0.903252 -0.023730 0.014698
1782119931.090888739 -8.464163 -1.013653 0.920064 0.452895 0.891151 -0.023417 0.013696
1782119931.190741539 -8.455676 -0.970786 0.920082 0.475166 0.879485 -0.023945 0.012267
1782119931.290550709 -8.450184 -0.929257 0.920159 0.497662 0.866961 -0.023285 0.013018
1782119931.390761852 -8.443518 -0.886035 0.920174 0.519927 0.853783 -0.023687 0.012997
1782119931.490801811 -8.436552 -0.839876 0.920231 0.538676 0.842034 -0.025233 0.013058
1782119931.590548515 -8.429247 -0.793218 0.920431 0.554855 0.831482 -0.025559 0.010962
1782119931.690779448 -8.422539 -0.744928 0.921439 0.569468 0.821530 -0.025787 0.011381
1782119931.790832758 -8.416823 -0.698610 0.922177 0.583149 0.811868 -0.025710 0.012064
1782119931.890643597 -8.406635 -0.654978 0.923058 0.595475 0.802927 -0.024912 0.009899
1782119931.990757465 -8.397781 -0.609037 0.924158 0.606944 0.794220 -0.026509 0.011478
1782119932.090708494 -8.388715 -0.564893 0.925402 0.618387 0.785370 -0.026101 0.010533
1782119932.190594912 -8.378728 -0.517180 0.926401 0.627875 0.777781 -0.026980 0.010031
1782119932.290738106 -8.372218 -0.468209 0.927962 0.634816 0.772181 -0.025402 0.009986
1782119932.390804291 -8.365018 -0.416535 0.929390 0.642516 0.765777 -0.025603 0.010177
1782119932.490596294 -8.356855 -0.364499 0.930635 0.648578 0.760638 -0.026220 0.009461
1782119932.589861155 -8.350714 -0.311648 0.932291 0.654349 0.755706 -0.025091 0.010258
1782119932.690754652 -8.340305 -0.259698 0.933476 0.658985 0.751645 -0.026319 0.008681
1782119932.790650368 -8.332301 -0.208337 0.934599 0.663586 0.747557 -0.027159 0.008696
1782119932.890809059 -8.323349 -0.155219 0.935513 0.667580 0.743963 -0.028242 0.007631
1782119932.990701675 -8.315688 -0.099859 0.936871 0.670649 0.741236 -0.027326 0.007237
1782119933.090672731 -8.308430 -0.040586 0.938336 0.674426 0.737799 -0.027082 0.008241
1782119933.190590858 -8.296458 0.014712 0.939300 0.679574 0.733139 -0.025615 0.005560
1782119933.290807486 -8.286103 0.074268 0.940351 0.686865 0.726240 -0.026901 0.008248
1782119933.390627623 -8.270558 0.125408 0.941375 0.694246 0.719298 -0.024730 0.004640
1782119933.490770578 -8.254837 0.180244 0.942758 0.703376 0.710306 -0.026101 0.006769
1782119933.590697765 -8.234304 0.229647 0.943758 0.713461 0.700205 -0.025836 0.004413
1782119933.690742016 -8.211838 0.279154 0.944923 0.722636 0.690698 -0.026736 0.004373
1782119933.789890766 -8.186946 0.326217 0.946611 0.731914 0.680870 -0.026474 0.004084
1782119933.890721798 -8.157287 0.369781 0.948709 0.742608 0.669242 -0.025353 0.002396
1782119933.990661383 -8.124501 0.413013 0.951273 0.757017 0.652829 -0.027101 0.002171
1782119934.090775490 -8.090969 0.452712 0.953404 0.774311 0.632224 -0.027068 0.001613
1782119934.190678358 -8.054705 0.489225 0.955873 0.791962 0.609905 -0.028439 0.001659
1782119934.290939093 -8.015849 0.522979 0.958440 0.809945 0.585845 -0.027844 -0.000245
1782119934.390533686 -7.973534 0.558053 0.961049 0.826922 0.561578 -0.028775 -0.001228
1782119934.490697145 -7.929615 0.591305 0.963313 0.843424 0.536522 -0.027840 -0.002252
1782119934.590627670 -7.882186 0.621383 0.965311 0.858691 0.511763 -0.026954 -0.004683
1782119934.690836906 -7.836033 0.652550 0.967434 0.872416 0.487972 -0.027578 -0.003597
1782119934.790754557 -7.787466 0.677298 0.968848 0.883907 0.466882 -0.026159 -0.006700
1782119934.890927315 -7.740428 0.698122 0.970167 0.894899 0.445565 -0.024420 -0.005601
1782119934.990807056 -7.689615 0.716548 0.971484 0.905868 0.422730 -0.025884 -0.005624
1782119935.090706110 -7.638896 0.730944 0.972683 0.916057 0.400132 -0.026220 -0.006849
1782119935.190590858 -7.588019 0.742357 0.974061 0.925190 0.378687 -0.023375 -0.008570
1782119935.290856838 -7.534670 0.755548 0.975129 0.934550 0.354944 -0.023962 -0.007474
1782119935.390646935 -7.482568 0.761074 0.976357 0.943263 0.331122 -0.023045 -0.009062
1782119935.490655899 -7.430739 0.767019 0.977382 0.950976 0.308235 -0.023602 -0.008904
1782119935.590797901 -7.379284 0.769217 0.979086 0.958413 0.284155 -0.024322 -0.010398
1782119935.690751314 -7.330529 0.772825 0.980445 0.964444 0.263005 -0.023905 -0.010197
1782119935.790626526 -7.278804 0.775172 0.982183 0.970044 0.241468 -0.024102 -0.011290
1782119935.890841246 -7.226145 0.777574 0.983943 0.975283 0.219357 -0.023676 -0.012081
1782119935.990706205 -7.170111 0.779003 0.985609 0.980180 0.196155 -0.024706 -0.012661
1782119936.090568781 -7.115730 0.776521 0.987159 0.984409 0.173897 -0.022061 -0.014577
1782119936.190824509 -7.055303 0.776341 0.988760 0.987817 0.152881 -0.025509 -0.013951
1782119936.290722609 -6.999525 0.771768 0.990389 0.990093 0.137609 -0.022926 -0.015911
1782119936.390660524 -6.939083 0.768758 0.992032 0.991914 0.123317 -0.025424 -0.015879
1782119936.490545511 -6.881421 0.763670 0.993546 0.993594 0.109122 -0.024224 -0.016632
1782119936.590688705 -6.822029 0.755037 0.994959 0.994808 0.097049 -0.024351 -0.018582
1782119936.690698385 -6.761978 0.747876 0.996654 0.995872 0.085096 -0.025541 -0.018572
1782119936.790828466 -6.705155 0.738326 0.998151 0.996800 0.073802 -0.023570 -0.019665
1782119936.890724659 -6.648850 0.731301 1.000005 0.997550 0.062792 -0.024794 -0.018368
1782119936.990611315 -6.594203 0.720900 1.001219 0.998266 0.050463 -0.023349 -0.019312
1782119937.090863466 -6.535444 0.712281 1.002627 0.998837 0.036352 -0.024804 -0.019695
1782119937.190726042 -6.476274 0.703428 1.004031 0.999381 0.017541 -0.023624 -0.019285
1782119937.290572643 -6.413508 0.692987 1.005132 0.999521 -0.005568 -0.022875 -0.020091
1782119937.390721798 -6.349238 0.681707 1.007383 0.999095 -0.029523 -0.022552 -0.020700
1782119937.490799427 -6.287115 0.671911 1.009473 0.998304 -0.050092 -0.021712 -0.020193
1782119937.590822697 -6.222570 0.661130 1.010622 0.997523 -0.063227 -0.023136 -0.020368
1782119937.690948248 -6.162367 0.649055 1.011922 0.996913 -0.072569 -0.021194 -0.021210
1782119937.790710926 -6.101106 0.637757 1.014038 0.996429 -0.078346 -0.022922 -0.021594
1782119937.890574455 -6.042333 0.626588 1.016335 0.995930 -0.084636 -0.022224 -0.021611
1782119937.990605354 -5.980844 0.613824 1.017989 0.995351 -0.091067 -0.022493 -0.021856
1782119938.090864897 -5.918765 0.601962 1.019583 0.994610 -0.098822 -0.023085 -0.021258
1782119938.190646648 -5.860712 0.588325 1.021402 0.993488 -0.110096 -0.019814 -0.021651
1782119938.290659666 -5.797497 0.575211 1.022719 0.992218 -0.120257 -0.024181 -0.021387
1782119938.390631199 -5.744240 0.558900 1.024161 0.989985 -0.137862 -0.017783 -0.024630
1782119938.490798235 -5.680734 0.545925 1.025381 0.987238 -0.155804 -0.023005 -0.023587
1782119938.590779305 -5.623943 0.531813 1.026950 0.983618 -0.177617 -0.019187 -0.024084
1782119938.690650702 -5.559223 0.515414 1.028312 0.979402 -0.199311 -0.021272 -0.024395
1782119938.790871859 -5.500196 0.497495 1.029861 0.975052 -0.219948 -0.016646 -0.024875
1782119938.890578747 -5.434803 0.476173 1.031055 0.971104 -0.236402 -0.020774 -0.025290
1782119938.990856647 -5.376325 0.454041 1.032683 0.966414 -0.255169 -0.016393 -0.025748
1782119939.090881824 -5.315864 0.428124 1.033748 0.962232 -0.270411 -0.017690 -0.025969
1782119939.190582037 -5.258819 0.401755 1.034532 0.957948 -0.285179 -0.016883 -0.026888
1782119939.290776968 -5.199620 0.374919 1.035533 0.953885 -0.298507 -0.018132 -0.025828
1782119939.390722275 -5.142308 0.344976 1.035989 0.949747 -0.311299 -0.018713 -0.026911
1782119939.489846945 -5.084309 0.315622 1.036754 0.945291 -0.324612 -0.018342 -0.026760
1782119939.590682268 -5.027416 0.283844 1.037551 0.941691 -0.334796 -0.018615 -0.027989
1782119939.690934658 -4.970049 0.254564 1.038344 0.938857 -0.342742 -0.017970 -0.027446
1782119939.790863752 -4.911400 0.226038 1.039398 0.936978 -0.347864 -0.018731 -0.026672
1782119939.890680313 -4.851866 0.197451 1.040580 0.934847 -0.353640 -0.017380 -0.026405
1782119939.990954876 -4.788744 0.165627 1.041546 0.931885 -0.361230 -0.018604 -0.027524
1782119940.090594530 -4.726938 0.135696 1.043287 0.926950 -0.373884 -0.014361 -0.027704
1782119940.190746307 -4.663407 0.103664 1.044602 0.922104 -0.385678 -0.014595 -0.027614
1782119940.290714741 -4.599948 0.069787 1.046152 0.917518 -0.396300 -0.017117 -0.028539
1782119940.390631199 -4.543141 0.037380 1.047626 0.914018 -0.404395 -0.013392 -0.029263
1782119940.490700483 -4.480539 0.003658 1.048916 0.910924 -0.411211 -0.016605 -0.029097
1782119940.590663433 -4.421787 -0.030372 1.050503 0.906914 -0.419990 -0.015105 -0.029775
1782119940.690864325 -4.359225 -0.065580 1.052144 0.902589 -0.429195 -0.016651 -0.029123
1782119940.790662766 -4.304429 -0.101333 1.053674 0.897227 -0.440377 -0.012467 -0.029956
1782119940.890963316 -4.245788 -0.139441 1.055188 0.892951 -0.448856 -0.016592 -0.029859
1782119940.990586758 -4.194667 -0.176142 1.056748 0.887884 -0.458898 -0.012426 -0.030319
1782119941.090745449 -4.136463 -0.215322 1.057216 0.883519 -0.467148 -0.016445 -0.029924
1782119941.190717459 -4.084537 -0.250681 1.058209 0.877278 -0.478923 -0.012221 -0.029451
1782119941.290824890 -4.025761 -0.291856 1.057953 0.870060 -0.491802 -0.015984 -0.029522
1782119941.390666723 -3.972923 -0.331916 1.057693 0.859507 -0.510165 -0.010843 -0.029367
1782119941.490654230 -3.916360 -0.379067 1.057594 0.849879 -0.525868 -0.014999 -0.030722
1782119941.590836287 -3.867733 -0.423356 1.058020 0.838149 -0.544468 -0.010394 -0.030878
1782119941.690675020 -3.815919 -0.469918 1.058330 0.827479 -0.560478 -0.013088 -0.031181
1782119941.790652037 -3.768165 -0.517283 1.059303 0.815641 -0.577538 -0.011414 -0.032412
1782119941.890763998 -3.717488 -0.565690 1.060232 0.806109 -0.590744 -0.012931 -0.032305
1782119941.990759850 -3.668287 -0.613879 1.061059 0.799245 -0.600045 -0.010763 -0.032222
1782119942.090982437 -3.620417 -0.660598 1.061816 0.794190 -0.606773 -0.008846 -0.031782
1782119942.190832376 -3.571150 -0.709511 1.062206 0.790981 -0.610892 -0.010887 -0.032267
1782119942.290700436 -3.525945 -0.756667 1.062488 0.787771 -0.615060 -0.008125 -0.032434
1782119942.390638113 -3.476278 -0.806801 1.062549 0.785838 -0.617505 -0.010882 -0.032039
1782119942.490810156 -3.431607 -0.855597 1.062666 0.783387 -0.620647 -0.008779 -0.032016
1782119942.590721846 -3.382901 -0.909157 1.062823 0.780603 -0.624079 -0.011472 -0.032438
1782119942.690941334 -3.340872 -0.960046 1.063299 0.777714 -0.627724 -0.007958 -0.032558
1782119942.790595531 -3.294236 -1.015401 1.063365 0.774596 -0.631428 -0.014042 -0.033209
1782119942.890733004 -3.255484 -1.063708 1.063859 0.769046 -0.638396 -0.007628 -0.030984
1782119942.990670919 -3.213411 -1.120276 1.063588 0.763914 -0.644368 -0.012679 -0.032618
1782119943.090895653 -3.177684 -1.169676 1.063566 0.757187 -0.652454 -0.007543 -0.030240
1782119943.190670729 -3.141254 -1.225648 1.063084 0.751729 -0.658591 -0.011434 -0.032103
1782119943.290909290 -3.109600 -1.276180 1.062916 0.745602 -0.665651 -0.007227 -0.030546
1782119943.389860153 -3.078594 -1.328821 1.062627 0.742697 -0.668835 -0.009937 -0.031021
1782119943.490804911 -3.049442 -1.378293 1.062493 0.739519 -0.672433 -0.007589 -0.029799
1782119943.590713263 -3.019744 -1.432802 1.062191 0.737429 -0.674574 -0.011268 -0.031973
1782119943.690793037 -2.991697 -1.482803 1.061790 0.734637 -0.677714 -0.008165 -0.030752
1782119943.790723324 -2.960791 -1.540317 1.061023 0.731621 -0.680842 -0.011547 -0.032427
1782119943.890648603 -2.929344 -1.596483 1.060354 0.725159 -0.687803 -0.009232 -0.031400
1782119943.990849733 -2.898347 -1.659344 1.059527 0.719359 -0.693764 -0.010090 -0.033348
1782119944.090699196 -2.869908 -1.719039 1.058980 0.714073 -0.699258 -0.008786 -0.032554
1782119944.190667152 -2.844098 -1.780001 1.057737 0.711804 -0.701492 -0.009738 -0.033898
1782119944.290734768 -2.819129 -1.838445 1.056566 0.711400 -0.701912 -0.009434 -0.033767
1782119944.390685081 -2.795336 -1.897211 1.055196 0.710008 -0.703259 -0.009985 -0.034854
1782119944.490963459 -2.772768 -1.955660 1.053894 -0.706199 0.707129 0.008273 0.034380
1782119944.590804100 -2.750982 -2.016820 1.052252 -0.698991 0.714246 0.008695 0.034490
1782119944.690712929 -2.733256 -2.077788 1.050456 -0.691326 0.721714 0.005644 0.034119
1782119944.790644646 -2.715197 -2.142740 1.048221 -0.683358 0.729176 0.008175 0.035470
1782119944.890617132 -2.701165 -2.203725 1.046946 -0.673560 0.738341 0.003907 0.033973
1782119944.990760803 -2.686096 -2.269975 1.044407 -0.664959 0.746040 0.006081 0.034878
1782119945.090965986 -2.671761 -2.336079 1.043219 -0.654491 0.755273 0.004777 0.034368
1782119945.190952778 -2.655608 -2.405655 1.042199 -0.642892 0.765175 0.005690 0.034116
1782119945.290710449 -2.641872 -2.475740 1.042982 -0.629920 0.775878 0.005137 0.034453
1782119945.390567780 -2.631415 -2.542341 1.042404 -0.618762 0.784787 0.004135 0.034997
1782119945.490858078 -2.619285 -2.612578 1.041312 -0.609137 0.792282 0.005331 0.034821
1782119945.590656519 -2.609292 -2.681450 1.040255 -0.599573 0.799551 0.005271 0.034681
1782119945.690607071 -2.600324 -2.752403 1.039328 -0.591299 0.805691 0.005350 0.034636
1782119945.790871382 -2.591216 -2.822466 1.038262 -0.584999 0.810319 0.003765 0.033834
1782119945.890865088 -2.581836 -2.896375 1.036841 -0.580364 0.813597 0.004969 0.034830
1782119945.990826130 -2.574203 -2.963366 1.035379 -0.575865 0.816887 0.001474 0.032754
1782119946.090842009 -2.566294 -3.036534 1.033447 -0.572725 0.818953 0.005150 0.035719
1782119946.190640688 -2.556219 -3.103062 1.032439 -0.568884 0.821783 0.002226 0.032213
1782119946.290610075 -2.547502 -3.174545 1.030369 -0.567038 0.822943 0.004208 0.034867
1782119946.390900373 -2.537402 -3.248319 1.028758 -0.565031 0.824302 0.004170 0.035337
1782119946.490728617 -2.528026 -3.324203 1.026843 -0.560743 0.827232 0.002918 0.035299
1782119946.590671778 -2.518449 -3.400760 1.025085 -0.557428 0.829460 0.003867 0.035415
1782119946.690835238 -2.510230 -3.474770 1.023313 -0.553831 0.831851 0.004233 0.035739
1782119946.790935040 -2.502622 -3.546165 1.021064 -0.550137 0.834280 0.005231 0.036033
1782119946.890812874 -2.496301 -3.615261 1.019049 -0.546638 0.836576 0.005465 0.036028
1782119946.990791559 -2.490164 -3.682872 1.016870 -0.541982 0.839608 0.005837 0.035777
1782119947.090662241 -2.483427 -3.749857 1.015352 -0.536297 0.843305 0.005377 0.034551
1782119947.190625906 -2.478350 -3.813853 1.013405 -0.529397 0.847749 0.003239 0.032420
1782119947.290863514 -2.472731 -3.884285 1.011013 -0.521905 0.852306 0.006830 0.033808
1782119947.390680075 -2.468875 -3.946292 1.009684 -0.507045 0.861380 0.001711 0.030447
1782119947.490681887 -2.464314 -4.014504 1.008354 -0.489577 0.871360 0.004387 0.032058
1782119947.590791941 -2.463520 -4.075910 1.007142 -0.462756 0.885957 -0.001018 0.030604
1782119947.690797329 -2.462157 -4.145734 1.005850 -0.429825 0.902364 0.000337 0.031450
1782119947.790855646 -2.462112 -4.210154 1.004664 -0.391081 0.919893 -0.003757 0.028958
1782119947.890769005 -2.466177 -4.277249 1.003147 -0.352378 0.935313 -0.003098 0.031780
1782119947.989866018 -2.468668 -4.336851 1.002296 -0.317400 0.947847 -0.005524 0.028519
1782119948.090621233 -2.476042 -4.398531 1.000609 -0.288417 0.956997 -0.006055 0.030596
1782119948.190646410 -2.482187 -4.456923 0.999626 -0.264312 0.963971 -0.007636 0.028979
1782119948.290645838 -2.491230 -4.516042 0.998310 -0.246739 0.968608 -0.007432 0.029386
1782119948.390015364 -2.501220 -4.573617 0.997501 -0.235216 0.971472 -0.008595 0.029017
1782119948.490865946 -2.511926 -4.630988 0.996783 -0.224983 0.973866 -0.006992 0.030324
1782119948.590837002 -2.523076 -4.684805 0.996148 -0.215088 0.976122 -0.008678 0.029103
1782119948.690706968 -2.536651 -4.740013 0.994172 -0.205195 0.978212 -0.006382 0.030903
1782119948.789862871 -2.549494 -4.792661 0.991488 -0.195414 0.980251 -0.007651 0.029368
1782119948.890738964 -2.568057 -4.853008 0.987642 -0.184209 0.982360 -0.005149 0.031764
1782119948.990635395 -2.586280 -4.910490 0.983871 -0.171043 0.984777 -0.006253 0.030339
1782119949.090856552 -2.609416 -4.969881 0.980287 -0.155403 0.987352 -0.004742 0.031050
1782119949.190699100 -2.636805 -5.025831 0.976265 -0.137600 0.989981 -0.006824 0.030937
1782119949.290631533 -2.671223 -5.079484 0.973525 -0.112720 0.993086 -0.005960 0.032227
1782119949.390909910 -2.707384 -5.125714 0.971108 -0.083782 0.996016 -0.008171 0.029443
1782119949.490882158 -2.753058 -5.168331 0.968683 -0.050155 0.998236 -0.008391 0.030658
1782119949.590642691 -2.801037 -5.204364 0.966209 -0.012104 0.999479 -0.010739 0.027928
1782119949.690836191 -2.856233 -5.237368 0.963861 0.026145 0.999202 -0.012092 0.027665
1782119949.790756702 -2.913234 -5.266296 0.961559 0.059123 0.997800 -0.013680 0.026697
1782119949.890609741 -2.973289 -5.292894 0.959700 0.085360 0.995895 -0.012663 0.027339
1782119949.990893364 -3.033040 -5.309492 0.957422 0.108644 0.993598 -0.015571 0.026793
1782119950.090729952 -3.093006 -5.324191 0.955691 0.131698 0.990830 -0.015515 0.025921
1782119950.190621138 -3.155891 -5.331624 0.953715 0.153386 0.987683 -0.017110 0.025717
1782119950.290885687 -3.220982 -5.335122 0.951621 0.171482 0.984685 -0.018109 0.025717
1782119950.390910149 -3.286602 -5.334991 0.949615 0.183979 0.982426 -0.018457 0.025509
1782119950.490862131 -3.353673 -5.333903 0.947636 0.191622 0.980977 -0.018539 0.024923
1782119950.590778112 -3.421769 -5.330860 0.945469 0.195270 0.980239 -0.018299 0.025798
1782119950.690685272 -3.488858 -5.326535 0.943544 0.196575 0.979966 -0.018073 0.026428
1782119950.790762901 -3.557864 -5.320898 0.941840 0.194784 0.980302 -0.018013 0.027259
1782119950.890901566 -3.626148 -5.312975 0.939774 0.189886 0.981279 -0.018417 0.026383
1782119950.990681171 -3.693402 -5.303728 0.938241 0.178209 0.983488 -0.017543 0.026168
1782119951.090635300 -3.760024 -5.290299 0.936785 0.165825 0.985629 -0.018852 0.026120
1782119951.190876961 -3.827079 -5.277077 0.935483 0.150421 0.988102 -0.017765 0.026694
1782119951.290789127 -3.895209 -5.263085 0.934378 0.136971 0.990057 -0.017583 0.026760
1782119951.390655041 -3.965909 -5.250312 0.933013 0.124370 0.991709 -0.016375 0.027873
1782119951.490867615 -4.038054 -5.235854 0.931621 0.114717 0.992879 -0.016407 0.027614
1782119951.590827942 -4.106936 -5.219813 0.930103 0.105090 0.993993 -0.017034 0.025358
1782119951.690612793 -4.178928 -5.205309 0.927343 0.095278 0.994892 -0.016108 0.029182
1782119951.790882826 -4.242884 -5.189586 0.925292 0.085157 0.995901 -0.016909 0.025359
1782119951.890707731 -4.311005 -5.175799 0.921916 0.076381 0.996493 -0.016401 0.029971
1782119951.990746021 -4.375698 -5.163543 0.919227 0.068205 0.997147 -0.016044 0.028071
1782119952.090638161 -4.443051 -5.152057 0.915743 0.059878 0.997669 -0.015571 0.028797
1782119952.190757275 -4.509369 -5.139617 0.912251 0.051635 0.998175 -0.016086 0.026852
1782119952.290738344 -4.572939 -5.128690 0.908951 0.041010 0.998703 -0.015344 0.025979
1782119952.390906572 -4.636475 -5.116929 0.905450 0.028176 0.999143 -0.015749 0.025900
1782119952.490766048 -4.696580 -5.107358 0.901118 0.016500 0.999435 -0.015123 0.025075
1782119952.590652943 -4.758778 -5.098723 0.897387 0.006559 0.999505 -0.015001 0.026868
1782119952.690894127 -4.821997 -5.091153 0.895410 -0.002373 0.999542 -0.014169 0.026642
1782119952.790783167 -4.887147 -5.083564 0.893293 -0.009457 0.999499 -0.014515 0.026499
1782119952.890639544 -4.951061 -5.076351 0.892338 -0.014991 0.999447 -0.013704 0.026310
1782119952.989905596 -5.011213 -5.068631 0.888898 -0.019497 0.999342 -0.014592 0.026876
1782119953.090848684 -5.069760 -5.060243 0.887037 -0.024469 0.999259 -0.015560 0.025293
1782119953.190992355 -5.129113 -5.051632 0.885715 -0.029762 0.999064 -0.015814 0.027117
1782119953.290871382 -5.185172 -5.046269 0.882403 -0.036232 0.998832 -0.016671 0.027277
1782119953.390670776 -5.244791 -5.041665 0.879889 -0.042354 0.998550 -0.017033 0.028530
1782119953.490673542 -5.304845 -5.035818 0.877379 -0.048392 0.998256 -0.018767 0.028129
1782119953.590853453 -5.363048 -5.028914 0.875206 -0.055821 0.997840 -0.020297 0.028067
1782119953.690729856 -5.420954 -5.021961 0.873461 -0.064777 0.997267 -0.020945 0.028689
1782119953.790683985 -5.476532 -5.012325 0.872208 -0.074870 0.996507 -0.022063 0.029683
1782119953.890781879 -5.532745 -5.003371 0.870049 -0.085559 0.995618 -0.021283 0.031159
1782119953.991026878 -5.591011 -4.988692 0.868225 -0.095899 0.994586 -0.023999 0.032035
1782119954.090636730 -5.650730 -4.973468 0.865441 -0.102757 0.993835 -0.024087 0.033946
1782119954.190785170 -5.710534 -4.955985 0.866061 -0.108906 0.993147 -0.025059 0.034201
1782119954.290705919 -5.770505 -4.937284 0.864260 -0.116100 0.992178 -0.025578 0.038073
1782119954.390690088 -5.827646 -4.916427 0.863420 -0.127161 0.990842 -0.027599 0.036050
1782119954.490743399 -5.889784 -4.896862 0.861491 -0.140089 0.988959 -0.026935 0.040123
1782119954.590666533 -5.947385 -4.878650 0.861454 -0.158428 0.986305 -0.026633 0.037323
1782119954.690709352 -6.006007 -4.857978 0.860881 -0.179062 0.982776 -0.026445 0.037268
1782119954.790918589 -6.059937 -4.836411 0.861983 -0.201827 0.978415 -0.023447 0.037678
1782119954.890881538 -6.105082 -4.811047 0.861741 -0.228546 0.972660 -0.019012 0.036568
1782119954.990859032 -6.139123 -4.784152 0.861850 -0.253920 0.966511 -0.012116 0.035125
1782119955.090950489 -6.161857 -4.754534 0.861688 -0.279892 0.959343 -0.003307 0.036202
1782119955.190681219 -6.171627 -4.723964 0.861656 -0.310388 0.949965 0.002295 0.034938
1782119955.290930748 -6.171910 -4.695487 0.866617 -0.355553 0.934027 0.005285 0.033867
1782119955.389908552 -6.160580 -4.670928 0.865589 -0.416578 0.908459 0.011464 0.032166
1782119955.490683079 -6.146391 -4.645101 0.867254 -0.473335 0.880117 0.012752 0.034431
1782119955.590944529 -6.122590 -4.623711 0.868930 -0.519803 0.853430 0.015373 0.035018
1782119955.690782547 -6.092973 -4.605059 0.870759 -0.561050 0.826899 0.016219 0.034614
1782119955.790684700 -6.059775 -4.590742 0.872487 -0.599145 0.799630 0.017588 0.036150
1782119955.890613079 -6.023731 -4.578256 0.873395 -0.635426 0.771119 0.017106 0.036281
1782119955.990835428 -5.984239 -4.566808 0.876799 -0.671702 0.739620 0.018163 0.038052
1782119956.090883017 -5.942318 -4.559380 0.877214 0.707083 -0.705870 -0.016146 -0.038989
1782119956.190625429 -5.895377 -4.556610 0.879076 0.743547 -0.667402 -0.016570 -0.037925
1782119956.290853024 -5.847133 -4.554017 0.880588 0.778974 -0.625781 -0.015122 -0.037004
1782119956.390898943 -5.794941 -4.550500 0.882113 0.813726 -0.580044 -0.014398 -0.034523
1782119956.490685225 -5.740495 -4.547827 0.882027 0.847934 -0.528978 -0.014770 -0.031186
1782119956.589926243 -5.689398 -4.543630 0.881556 0.880639 -0.472748 -0.012831 -0.028634
1782119956.690768957 -5.634037 -4.536265 0.882154 0.909669 -0.414252 -0.014813 -0.026041
1782119956.790668726 -5.581697 -4.527506 0.884291 0.935146 -0.353071 -0.016035 -0.024215
1782119956.890881300 -5.530794 -4.516018 0.886172 0.956355 -0.290863 -0.017167 -0.022112
1782119956.990768194 -5.480820 -4.504144 0.887666 0.972554 -0.230813 -0.020198 -0.021342
1782119957.090657949 -5.434312 -4.491520 0.889140 0.982846 -0.182142 -0.020042 -0.020892
1782119957.189891577 -5.386755 -4.478686 0.891444 0.988227 -0.150165 -0.021999 -0.019343
1782119957.290764332 -5.339708 -4.466965 0.892726 0.989963 -0.138219 -0.020576 -0.021095
1782119957.390992165 -5.287974 -4.455726 0.895102 0.990614 -0.133159 -0.022988 -0.020600
1782119957.490630150 -5.235805 -4.447482 0.896944 0.990650 -0.132989 -0.021993 -0.021045
1782119957.590752363 -5.177605 -4.441564 0.898900 0.990691 -0.132445 -0.023129 -0.021341
1782119957.690824270 -5.119197 -4.437197 0.900357 0.990746 -0.132025 -0.021871 -0.022671
1782119957.790652990 -5.057202 -4.436961 0.902521 0.990869 -0.130721 -0.023084 -0.023640
1782119957.890783787 -4.995468 -4.438758 0.904324 0.991155 -0.128728 -0.021462 -0.024094
1782119957.989975691 -4.934465 -4.443515 0.906802 0.991867 -0.123168 -0.020348 -0.024818
1782119958.090793133 -4.869353 -4.448794 0.908363 0.992723 -0.115599 -0.020965 -0.026445
1782119958.190768003 -4.806258 -4.457980 0.910650 0.993527 -0.108037 -0.020417 -0.028553
1782119958.290609360 -4.742785 -4.467688 0.912255 0.994153 -0.101254 -0.021368 -0.030828
1782119958.390727043 -4.679478 -4.479389 0.914812 0.994859 -0.093491 -0.020442 -0.033134
1782119958.490772963 -4.615741 -4.492721 0.917181 0.995610 -0.084051 -0.020932 -0.035458
1782119958.590660572 -4.552771 -4.507574 0.919535 0.996340 -0.074175 -0.021060 -0.036886
1782119958.690696955 -4.494519 -4.524246 0.921340 0.996929 -0.065778 -0.018952 -0.038046
1782119958.790922642 -4.432003 -4.546248 0.922659 0.997254 -0.059049 -0.021922 -0.038939
1782119958.890036345 -4.371971 -4.575507 0.923962 0.997448 -0.055036 -0.020094 -0.040804
1782119958.989944220 -4.308259 -4.608355 0.925346 0.997765 -0.049846 -0.019905 -0.039795
1782119959.090825319 -4.240702 -4.649826 0.926834 0.997850 -0.047343 -0.020427 -0.040459
1782119959.190807104 -4.171797 -4.695561 0.925895 0.998071 -0.044712 -0.020412 -0.037915
1782119959.290767670 -4.103933 -4.749195 0.929975 0.998308 -0.043087 -0.019427 -0.033875
1782119959.390798092 -4.035858 -4.810561 0.931112 0.998539 -0.038748 -0.022439 -0.030249
1782119959.490761518 -3.972255 -4.870995 0.933507 0.998921 -0.035049 -0.021531 -0.021538
1782119959.590680122 -3.906286 -4.936060 0.935862 0.999031 -0.033807 -0.023769 -0.015135
1782119959.690908670 -3.839823 -4.997333 0.940797 0.999166 -0.032443 -0.023069 -0.009093
1782119959.790680885 -3.770396 -5.055529 0.944469 0.999206 -0.031704 -0.023579 -0.005078
1782119959.889914274 -3.703167 -5.110070 0.949135 0.999321 -0.029458 -0.021837 -0.003580
1782119959.990728855 -3.633941 -5.156310 0.950102 0.999296 -0.028669 -0.024193 -0.000672
1782119960.090790749 -3.569708 -5.200863 0.951031 0.999380 -0.028438 -0.020689 -0.001396
1782119960.190804005 -3.498655 -5.236885 0.949740 0.999287 -0.027947 -0.025379 -0.000608
1782119960.290835381 -3.427837 -5.268917 0.951298 0.999315 -0.028892 -0.022954 -0.002648
1782119960.391014338 -3.350145 -5.294256 0.950571 0.999233 -0.030961 -0.023709 -0.003699
1782119960.490831375 -3.274090 -5.313823 0.949236 0.999236 -0.031758 -0.022171 -0.005167
1782119960.590827227 -3.201580 -5.331543 0.950181 0.999187 -0.031035 -0.024286 -0.008544
1782119960.690677643 -3.130352 -5.343257 0.951720 0.999169 -0.030253 -0.025497 -0.009825
1782119960.790839434 -3.061593 -5.354471 0.953126 0.999160 -0.030163 -0.024895 -0.012213
1782119960.890874147 -2.991026 -5.359691 0.954482 0.999105 -0.030378 -0.026733 -0.012317
1782119960.990819454 -2.921929 -5.366213 0.956195 0.999123 -0.029498 -0.025828 -0.014708
1782119961.090818405 -2.854237 -5.369898 0.958640 0.999188 -0.027418 -0.025072 -0.015563
1782119961.190898180 -2.788073 -5.372966 0.961579 0.999264 -0.025410 -0.023665 -0.016289
1782119961.290658236 -2.721369 -5.374228 0.964547 0.999245 -0.025287 -0.024247 -0.016820
1782119961.389930964 -2.655799 -5.374467 0.967331 0.999226 -0.026790 -0.022988 -0.017339
1782119961.490720272 -2.586713 -5.373930 0.970262 0.999017 -0.033907 -0.022198 -0.017942
1782119961.590762138 -2.514129 -5.373239 0.973586 0.998755 -0.040634 -0.022569 -0.018101
1782119961.690818071 -2.437667 -5.372337 0.977339 0.998397 -0.048623 -0.022494 -0.018265
1782119961.790715694 -2.361897 -5.372005 0.980458 0.997986 -0.056678 -0.021731 -0.018402
1782119961.890709639 -2.286247 -5.372204 0.983328 0.997677 -0.061971 -0.021422 -0.018481
1782119961.990897179 -2.214421 -5.375595 0.986169 0.997294 -0.067662 -0.020611 -0.020059
1782119962.090701580 -2.142630 -5.377016 0.988247 0.997009 -0.071070 -0.023462 -0.019257
1782119962.190697908 -2.074614 -5.382865 0.990752 0.996846 -0.073158 -0.022117 -0.021377
1782119962.290947437 -2.005441 -5.386702 0.992785 0.996703 -0.074963 -0.023168 -0.020647
1782119962.390875101 -1.936391 -5.392243 0.994689 0.996578 -0.076616 -0.022998 -0.020812
1782119962.490887165 -1.867579 -5.398050 0.996256 0.996595 -0.076450 -0.022716 -0.020911
1782119962.590816975 -1.801029 -5.404064 0.997998 0.996627 -0.075875 -0.023677 -0.020417
1782119962.690791130 -1.739400 -5.410962 0.999864 0.996794 -0.074080 -0.021719 -0.021005
1782119962.790958643 -1.673313 -5.416844 1.001432 0.996813 -0.072939 -0.024870 -0.020635
1782119962.890911818 -1.608425 -5.423445 1.003476 0.996817 -0.073504 -0.022383 -0.021268
1782119962.990737438 -1.536839 -5.429517 1.005210 0.996764 -0.074510 -0.023284 -0.019177
1782119963.090732336 -1.466661 -5.441131 1.007454 0.996833 -0.073837 -0.020661 -0.021122
1782119963.190890312 -1.394236 -5.452728 1.009371 0.996887 -0.072717 -0.022508 -0.020533
1782119963.290780783 -1.324907 -5.467435 1.011311 0.997117 -0.069713 -0.021245 -0.021105
1782119963.390722513 -1.260516 -5.482561 1.012735 0.997727 -0.060766 -0.019695 -0.021457
1782119963.490844727 -1.195069 -5.495920 1.014579 0.998266 -0.050644 -0.021947 -0.020480
1782119963.591129541 -1.133551 -5.511588 1.016243 0.998742 -0.041295 -0.019648 -0.020568
1782119963.690663815 -1.067697 -5.528315 1.018905 0.999015 -0.031559 -0.022838 -0.021251
1782119963.790839672 -1.004363 -5.544371 1.020323 0.999339 -0.020368 -0.021077 -0.021502
1782119963.890795708 -0.941361 -5.558984 1.022273 0.999511 -0.010403 -0.020952 -0.020761
1782119963.990706444 -0.880541 -5.573843 1.024911 0.999545 0.000455 -0.022095 -0.020550
1782119964.090821266 -0.822628 -5.589374 1.026736 0.999450 0.014415 -0.021859 -0.020340
1782119964.190883160 -0.767090 -5.601755 1.028732 0.999209 0.027512 -0.021256 -0.019327
1782119964.290740013 -0.711162 -5.615256 1.030796 0.998789 0.039138 -0.022638 -0.019391
1782119964.391201973 -0.657388 -5.625075 1.033601 0.998305 0.051081 -0.021244 -0.018065
1782119964.490868568 -0.604770 -5.631812 1.035727 0.997542 0.064233 -0.021381 -0.018065
1782119964.590677500 -0.555455 -5.629786 1.038134 0.996376 0.080763 -0.021639 -0.015622
1782119964.690853834 -0.505536 -5.623680 1.040326 0.995028 0.095529 -0.023907 -0.014918
1782119964.790798426 -0.461200 -5.612956 1.043049 0.993583 0.110141 -0.020808 -0.015121
1782119964.890910387 -0.415072 -5.593847 1.045086 0.991745 0.125212 -0.024506 -0.012754
1782119964.990812540 -0.374397 -5.573457 1.047706 0.990492 0.135063 -0.022584 -0.013151
1782119965.090754271 -0.329742 -5.546393 1.050220 0.989169 0.144168 -0.025050 -0.011551
1782119965.190684080 -0.287618 -5.519902 1.052493 0.988863 0.146462 -0.023011 -0.012983
1782119965.290948868 -0.245848 -5.490871 1.055081 0.988510 0.148871 -0.023103 -0.012284
1782119965.390812635 -0.205595 -5.463769 1.057153 0.987533 0.154986 -0.024594 -0.012398
1782119965.490680456 -0.165124 -5.433302 1.059644 0.986501 0.161612 -0.023114 -0.012805
1782119965.590767384 -0.121539 -5.396058 1.062305 0.985097 0.169820 -0.025076 -0.010807
1782119965.690758228 -0.079625 -5.358246 1.064713 0.983650 0.178211 -0.022747 -0.012482
1782119965.790747643 -0.037774 -5.315135 1.067547 0.981724 0.188590 -0.022853 -0.011389
1782119965.890793562 0.001538 -5.270549 1.069915 0.978612 0.204089 -0.023154 -0.011425
1782119965.990868330 0.040034 -5.220799 1.072511 0.975116 0.220106 -0.024650 -0.009740
1782119966.090706110 0.078277 -5.170000 1.075410 0.971457 0.235764 -0.023665 -0.011263
1782119966.190883160 0.116149 -5.111857 1.078392 0.966841 0.254006 -0.024539 -0.009884
1782119966.290827990 0.150042 -5.052670 1.081662 0.960836 0.275914 -0.023892 -0.009749
1782119966.390717745 0.181065 -4.991154 1.084605 0.953599 0.300000 -0.023774 -0.009204
1782119966.490758419 0.210685 -4.924084 1.087651 0.945651 0.324119 -0.025559 -0.006147
1782119966.590698957 0.236773 -4.859763 1.091529 0.938044 0.345681 -0.022664 -0.008015
1782119966.690973759 0.264075 -4.790708 1.094658 0.930432 0.365466 -0.026589 -0.004974
1782119966.790813446 0.286111 -4.727365 1.097934 0.924963 0.379281 -0.023648 -0.005443
1782119966.890888453 0.311250 -4.665300 1.101384 0.919625 0.391985 -0.024847 -0.004474
1782119966.990697384 0.334651 -4.602113 1.104320 0.914981 0.402657 -0.025904 -0.002357
1782119967.090784073 0.357024 -4.540844 1.107402 0.910915 0.411837 -0.024838 -0.002796
1782119967.190815926 0.377675 -4.475424 1.110385 0.907469 0.419322 -0.025848 -0.000614
1782119967.290675640 0.397053 -4.410448 1.113300 0.904510 0.425721 -0.024905 -0.001973
1782119967.389956236 0.417067 -4.340343 1.116027 0.901335 0.432303 -0.026645 -0.000179
1782119967.490823507 0.436600 -4.272111 1.118575 0.897612 0.440063 -0.025136 -0.002364
1782119967.591223478 0.454701 -4.205649 1.121586 0.892101 0.451135 -0.025026 -0.002423
1782119967.691031456 0.474436 -4.136924 1.124919 0.885083 0.464625 -0.027394 -0.001127
1782119967.790892839 0.492155 -4.073889 1.128201 0.876207 0.481288 -0.024764 -0.003185
1782119967.890932560 0.512688 -4.006482 1.129163 0.865007 0.500995 -0.027699 -0.000632
1782119967.989941359 0.530575 -3.944254 1.132380 0.853233 0.520915 -0.025285 -0.001341
1782119968.090885162 0.552787 -3.875497 1.134736 0.842936 0.537327 -0.027180 0.000845
1782119968.190932512 0.574323 -3.808612 1.137331 0.833832 0.551412 -0.025866 0.001100
1782119968.290780067 0.597082 -3.745737 1.140480 0.823373 0.566973 -0.024477 -0.000488
1782119968.390708923 0.619699 -3.680552 1.143047 0.813057 0.581615 -0.025680 0.001574
1782119968.490717649 0.640942 -3.617065 1.146280 0.801872 0.596995 -0.024439 0.000998
1782119968.590797901 0.660903 -3.549918 1.149468 0.790286 0.612252 -0.024371 0.001344
1782119968.690751553 0.679142 -3.480400 1.152733 0.779036 0.626533 -0.023583 0.001779
1782119968.790753126 0.698187 -3.409140 1.156146 0.769797 0.637848 -0.023678 0.001170
1782119968.890736580 0.717029 -3.339917 1.160022 0.763800 0.645025 -0.023457 0.001282
1782119968.990891457 0.736459 -3.274517 1.163294 0.758589 0.651173 -0.022640 0.002009
1782119969.090922832 0.757529 -3.211147 1.167108 0.753551 0.657038 -0.021506 0.000358
1782119969.190885305 0.776419 -3.148736 1.171088 0.750253 0.660789 -0.021749 0.002541
1782119969.290757895 0.796409 -3.092145 1.174329 0.747414 0.664042 -0.020482 0.000896
1782119969.391008377 0.814399 -3.032743 1.177463 0.747490 0.663909 -0.021584 0.004172
1782119969.490797281 0.834407 -2.976624 1.180885 0.749451 0.661715 -0.021101 0.003218
1782119969.590739489 0.851693 -2.922704 1.183799 0.750230 0.660837 -0.020750 0.004431
1782119969.690956116 0.869169 -2.869131 1.186437 0.752217 0.658498 -0.022801 0.005454
1782119969.790842056 0.882902 -2.820255 1.187992 0.754160 0.656253 -0.023329 0.005486
1782119969.890790224 0.894969 -2.768444 1.189632 0.758491 0.651139 -0.025513 0.007680
1782119969.990736723 0.905558 -2.714700 1.190438 0.761849 0.647145 -0.026812 0.008412
1782119970.090791225 0.913182 -2.654924 1.193511 0.762506 0.646251 -0.028864 0.010497
1782119970.190861940 0.919183 -2.596924 1.194987 0.763017 0.645693 -0.028257 0.009328
1782119970.289991140 0.924016 -2.539469 1.197683 0.761364 0.647513 -0.030474 0.011090
1782119970.389958858 0.928226 -2.485881 1.199263 0.760756 0.648308 -0.029383 0.009115
1782119970.490780592 0.932668 -2.429758 1.201252 0.757587 0.651936 -0.030564 0.010351
1782119970.590754986 0.937075 -2.376759 1.203544 0.755647 0.654239 -0.030166 0.007698
1782119970.690966606 0.938669 -2.321143 1.207366 0.751359 0.659128 -0.030680 0.008261
1782119970.790920258 0.939125 -2.268072 1.209155 0.748127 0.662913 -0.028713 0.005273
1782119970.890735149 0.937678 -2.210983 1.212415 0.743099 0.668543 -0.028920 0.004256
1782119970.990785599 0.933810 -2.157761 1.213915 0.735171 0.677279 -0.028165 0.004909
1782119971.090818405 0.924610 -2.109719 1.218499 0.727109 0.686055 -0.025190 0.002528
1782119971.189982176 0.908291 -2.064448 1.222821 0.713518 0.700121 -0.025304 0.009097
1782119971.290816069 0.887820 -2.027987 1.228090 0.698571 0.715143 -0.022664 0.007489
1782119971.390820742 0.857019 -1.991383 1.232180 0.673287 0.739004 -0.021064 0.010613
1782119971.490843773 0.815653 -1.962034 1.237807 0.640585 0.767531 -0.018914 0.013725
1782119971.590925932 0.769771 -1.940759 1.244808 0.596321 0.802447 -0.016924 0.013908
1782119971.690831661 0.717902 -1.929412 1.252680 0.542254 0.839930 -0.014627 0.016276
1782119971.790724039 0.665486 -1.926042 1.260734 0.484882 0.874271 -0.015011 0.017737
1782119971.890764475 0.612929 -1.935085 1.269384 0.424592 0.905102 -0.014375 0.017459
1782119971.990742683 0.559672 -1.955170 1.278878 0.370531 0.928560 -0.012885 0.017814
1782119972.090701818 0.510135 -1.983739 1.287539 0.315326 0.948790 -0.012458 0.014527
1782119972.190806389 0.462363 -2.020332 1.295502 0.264038 0.964422 -0.009967 0.008595
1782119972.290741682 0.417504 -2.059957 1.301107 0.212542 0.977095 -0.009361 0.004851
1782119972.390750647 0.378936 -2.109715 1.303848 0.159887 0.987114 -0.006012 0.002298
1782119972.490739584 0.346365 -2.162207 1.303535 0.107394 0.994209 -0.003252 0.002283
1782119972.590889692 0.323859 -2.218789 1.300010 0.054544 0.998500 -0.001784 0.004338
1782119972.690748692 0.306159 -2.278879 1.292401 0.004253 0.999946 -0.001216 0.009424
1782119972.790831327 0.296068 -2.338559 1.280003 -0.045108 0.998890 -0.003039 0.013222
1782119972.890734196 0.289776 -2.401870 1.269685 -0.091007 0.995656 -0.001315 0.019640
1782119972.990063667 0.291453 -2.462601 1.256074 -0.135207 0.990592 -0.002516 0.020972
1782119973.090888977 0.295383 -2.526675 1.243920 -0.179560 0.983484 -0.001043 0.022743
1782119973.190827131 0.301063 -2.588408 1.233135 -0.223611 0.974329 -0.001667 0.026033
1782119973.290716410 0.313276 -2.652347 1.220320 -0.266668 0.963412 -0.001123 0.026899
1782119973.390838623 0.327086 -2.717388 1.209615 -0.308712 0.950667 -0.001027 0.030451
1782119973.490895510 0.346787 -2.783278 1.199466 -0.349159 0.936507 -0.000705 0.032295
1782119973.589973688 0.367719 -2.849616 1.190943 -0.387505 0.921185 -0.000374 0.035463
1782119973.690805674 0.391841 -2.916414 1.183387 -0.419082 0.907272 -0.000607 0.035024
1782119973.790810108 0.412594 -2.983844 1.176522 -0.444649 0.894918 0.001041 0.037519
1782119973.890977859 0.432485 -3.048728 1.170638 -0.463196 0.885463 0.000408 0.037483
1782119973.990931511 0.448022 -3.112835 1.165881 -0.471719 0.880918 0.000755 0.038261
1782119974.090887785 0.461061 -3.176647 1.161730 -0.474033 0.879726 0.001197 0.037066
1782119974.190060377 0.467227 -3.240676 1.158183 -0.471077 0.881288 0.001043 0.037634
1782119974.290975332 0.468559 -3.307095 1.154775 -0.464056 0.885029 0.000856 0.037076
1782119974.390753508 0.463225 -3.371266 1.151424 -0.454014 0.890198 -0.001184 0.037649
1782119974.490838289 0.456935 -3.437153 1.148708 -0.445110 0.894730 -0.000292 0.036540
1782119974.590781689 0.446017 -3.501497 1.146157 -0.439526 0.897480 -0.001087 0.036667
1782119974.690945387 0.434055 -3.565198 1.143638 -0.435656 0.899405 -0.000184 0.035688
1782119974.790056705 0.418291 -3.626135 1.141107 -0.430457 0.901871 -0.000486 0.036545
1782119974.890899420 0.402292 -3.690151 1.138836 -0.422174 0.905840 -0.000111 0.034973
1782119974.990776539 0.380838 -3.753974 1.135583 -0.413058 0.910032 -0.001518 0.034971
1782119975.090773821 0.358556 -3.819693 1.132585 -0.406902 0.912819 -0.001328 0.034497
1782119975.190812826 0.334039 -3.883869 1.128288 -0.402839 0.914651 -0.001856 0.033627
1782119975.290865660 0.307882 -3.950786 1.124770 -0.404858 0.913759 -0.001047 0.033657
1782119975.390761614 0.283672 -4.016339 1.120398 -0.408755 0.912059 -0.000578 0.032664
1782119975.491017342 0.257755 -4.086475 1.116531 -0.413769 0.909731 0.001631 0.034372
1782119975.590767622 0.233451 -4.156981 1.113914 -0.418425 0.907657 0.001798 0.032820
1782119975.690847635 0.209508 -4.230546 1.112008 -0.422663 0.905699 0.001461 0.032603
1782119975.790791988 0.187520 -4.304211 1.109994 -0.428211 0.903088 0.002138 0.032608
1782119975.890758276 0.165982 -4.376196 1.108773 -0.442226 0.896280 0.002143 0.033379
1782119975.990000486 0.146805 -4.443849 1.105636 -0.474250 0.879730 -0.000714 0.034090
1782119976.090882778 0.127631 -4.516184 1.101744 -0.495504 0.867772 -0.001068 0.038035
1782119976.190699339 0.120837 -4.584222 1.099319 -0.499443 0.865819 0.001921 0.030169
1782119976.290714979 0.101744 -4.655027 1.096070 -0.497339 0.866876 0.001553 0.034299
1782119976.391026735 0.084771 -4.719953 1.093091 -0.492500 0.869662 -0.001882 0.033594
1782119976.490775108 0.068766 -4.790350 1.089690 -0.486142 0.873118 0.001239 0.036451
1782119976.590000868 0.055825 -4.852419 1.087193 -0.479384 0.876984 -0.001609 0.032983
1782119976.690943003 0.042666 -4.919148 1.083928 -0.475678 0.878913 0.000926 0.035229
1782119976.790771723 0.030470 -4.983781 1.081477 -0.472678 0.880549 0.000280 0.034776
1782119976.890786648 0.018896 -5.050944 1.078630 -0.468905 0.882553 0.001010 0.035019
1782119976.990959883 0.008458 -5.121160 1.076082 -0.470493 0.881701 0.001679 0.035176
1782119977.090753555 0.000096 -5.186848 1.073819 -0.477634 0.877913 -0.000913 0.033665
1782119977.190783501 -0.005570 -5.256650 1.071594 -0.490039 0.870963 0.002308 0.035775
1782119977.290961981 -0.007419 -5.316394 1.069604 -0.506811 0.861427 0.000172 0.032953
1782119977.390955925 -0.009442 -5.378756 1.067592 -0.528930 0.847887 0.003137 0.036214
1782119977.490981340 -0.007507 -5.434702 1.066042 -0.552876 0.832538 0.001119 0.034743
1782119977.590802431 -0.004622 -5.494344 1.064333 -0.579187 0.814344 0.003799 0.037033
1782119977.690774679 0.000229 -5.547346 1.063375 -0.605300 0.795216 0.002215 0.035190
1782119977.790764570 0.004807 -5.595991 1.061852 -0.631702 0.774375 0.003537 0.035812
1782119977.890840769 0.010301 -5.640136 1.060769 -0.657422 0.752670 0.003901 0.035619
1782119977.990776777 0.016308 -5.681141 1.059385 -0.682341 0.730075 0.005779 0.036991
1782119978.091011286 0.023084 -5.718727 1.058106 -0.706565 0.706724 0.004705 0.035847
1782119978.191027641 0.030938 -5.756345 1.056706 0.729542 -0.682946 -0.006638 -0.036186
1782119978.290746927 0.037346 -5.790010 1.055289 0.752872 -0.657195 -0.005467 -0.035318
1782119978.390008926 0.042547 -5.821762 1.053967 0.774350 -0.631737 -0.007423 -0.035150
1782119978.490816355 0.045211 -5.850045 1.052553 0.792966 -0.608192 -0.008586 -0.035123
1782119978.590724230 0.045714 -5.872870 1.051300 0.810664 -0.584466 -0.007490 -0.034169
1782119978.690822601 0.049871 -5.894687 1.050055 0.825065 -0.563904 -0.010773 -0.034115
1782119978.790880680 0.053445 -5.913092 1.049229 0.838722 -0.543412 -0.011329 -0.033485
1782119978.890761614 0.056436 -5.930346 1.048306 0.851815 -0.522689 -0.011223 -0.032894
1782119978.990903139 0.056269 -5.948062 1.047305 0.865788 -0.499198 -0.010882 -0.033064
1782119979.090971708 0.057711 -5.965742 1.047070 0.882021 -0.469847 -0.014234 -0.032856
1782119979.190154076 0.058879 -5.978930 1.046683 0.898772 -0.437088 -0.014059 -0.031081
1782119979.289993048 0.062446 -5.989798 1.046175 0.917200 -0.396999 -0.015166 -0.030086
1782119979.390965939 0.064814 -5.997465 1.045510 0.935655 -0.351362 -0.015651 -0.029148
1782119979.490864515 0.063423 -6.002711 1.045208 0.952539 -0.302661 -0.015720 -0.028628
1782119979.589998007 0.060173 -6.006947 1.044818 0.968261 -0.247850 -0.018292 -0.026590
1782119979.690854549 0.055660 -6.004561 1.044760 0.982230 -0.185271 -0.016698 -0.024898
1782119979.790845633 0.055601 -5.997769 1.045558 0.992488 -0.118866 -0.017930 -0.022730
1782119979.890813351 0.053275 -5.991587 1.046042 0.997774 -0.060312 -0.018295 -0.021785
1782119979.990906000 0.052233 -5.985277 1.046397 0.999489 -0.014715 -0.019708 -0.020429
1782119980.090758801 0.049918 -5.981056 1.047251 0.999436 0.019695 -0.019575 -0.018897
1782119980.190043449 0.047126 -5.977358 1.047908 0.998580 0.046382 -0.019341 -0.017680
1782119980.290843248 0.045747 -5.974662 1.049001 0.997321 0.068472 -0.019624 -0.016622
1782119980.390974283 0.044797 -5.973112 1.049709 0.996125 0.084131 -0.019893 -0.016163
1782119980.491072655 0.044291 -5.972607 1.050429 0.995645 0.089722 -0.019749 -0.015866
1782119980.590835333 0.044551 -5.973176 1.051091 0.995722 0.088849 -0.019854 -0.015769
1782119980.690730810 0.044654 -5.973327 1.051525 0.995745 0.088695 -0.019600 -0.015523
1782119980.790764570 0.044699 -5.973917 1.052209 0.995755 0.088629 -0.019408 -0.015526
1782119980.890952826 0.045494 -5.973686 1.052831 0.995765 0.088561 -0.019111 -0.015620
1782119980.990765572 0.045714 -5.974009 1.053122 0.995772 0.088471 -0.019087 -0.015684
1782119981.089978218 0.045946 -5.974262 1.053388 0.995779 0.088428 -0.019006 -0.015602
1782119981.190931559 0.046173 -5.974510 1.053738 0.995785 0.088381 -0.018990 -0.015519
1782119981.290906429 0.046375 -5.974756 1.053882 0.995789 0.088341 -0.018931 -0.015525
1782119981.390785456 0.046588 -5.974913 1.054021 0.995796 0.088284 -0.018866 -0.015486
1782119981.490834951 0.046759 -5.975102 1.054219 0.995799 0.088257 -0.018837 -0.015489
1782119981.589956760 0.046941 -5.975186 1.054314 0.995803 0.088222 -0.018834 -0.015462
1782119981.690771580 0.047056 -5.975317 1.054412 0.995801 0.088221 -0.018917 -0.015466
1782119981.790993929 0.047259 -5.975292 1.054327 0.995804 0.088230 -0.018803 -0.015396
1782119981.890913248 0.047311 -5.975311 1.054383 0.995807 0.088176 -0.018841 -0.015470
1782119981.989989281 0.047354 -5.975241 1.054292 0.995807 0.088155 -0.018850 -0.015531
1782119982.090858459 0.047424 -5.975102 1.054207 0.995805 0.088178 -0.018829 -0.015575
1782119982.190820932 0.047363 -5.975011 1.054195 0.995808 0.088125 -0.018839 -0.015678
1782119982.290934563 0.047372 -5.974874 1.054116 0.995805 0.088163 -0.018772 -0.015754
1782119982.389986992 0.047317 -5.974784 1.054283 0.995801 0.088176 -0.018886 -0.015765
1782119982.490888834 0.047313 -5.974720 1.054229 0.995802 0.088184 -0.018810 -0.015730
1782119982.590793610 0.047297 -5.974750 1.054079 0.995806 0.088151 -0.018781 -0.015751
1782119982.690942526 0.047299 -5.974781 1.053762 0.995810 0.088094 -0.018774 -0.015778
1782119982.790927887 0.047310 -5.974827 1.053476 0.995811 0.088126 -0.018662 -0.015682
1782119982.889963865 0.047202 -5.974906 1.053237 0.995812 0.088120 -0.018648 -0.015665
1782119982.989959717 0.047013 -5.974975 1.052953 0.995813 0.088098 -0.018662 -0.015688
1782119983.090905666 0.046724 -5.975091 1.052776 0.995808 0.088108 -0.018824 -0.015767
1782119983.191074848 0.046368 -5.975095 1.052777 0.995809 0.088089 -0.018890 -0.015769
1782119983.290822506 0.045944 -5.975219 1.052803 0.995808 0.088082 -0.018942 -0.015793
1782119983.390880823 0.045472 -5.975384 1.052796 0.995811 0.088049 -0.018958 -0.015745
1782119983.491333008 0.045056 -5.975585 1.052777 0.995809 0.088075 -0.019013 -0.015673
1782119983.591289997 0.044736 -5.975751 1.052909 0.995810 0.088069 -0.018989 -0.015666
1782119983.690845490 0.044269 -5.976068 1.052866 0.995807 0.088077 -0.019100 -0.015683
1782119983.789985180 0.043860 -5.976332 1.052830 0.995810 0.088032 -0.019174 -0.015686
1782119983.890838146 0.043538 -5.976626 1.052776 0.995813 0.088036 -0.019094 -0.015562
1782119983.990804195 0.043096 -5.977015 1.052814 0.995820 0.087975 -0.019040 -0.015494
1782119984.090783834 0.042647 -5.977433 1.052894 0.995823 0.087918 -0.019154 -0.015483
1782119984.190970182 0.042373 -5.977709 1.052887 0.995824 0.087907 -0.019233 -0.015370
1782119984.290754080 0.041824 -5.978245 1.053012 0.995829 0.087857 -0.019222 -0.015397
1782119984.390785217 0.041436 -5.978656 1.053121 0.995826 0.087870 -0.019311 -0.015375
1782119984.490866184 0.041216 -5.978886 1.053085 0.995829 0.087844 -0.019343 -0.015307
1782119984.590768099 0.040806 -5.979369 1.053233 0.995831 0.087836 -0.019252 -0.015304
1782119984.690812826 0.040534 -5.979652 1.053217 0.995833 0.087848 -0.019126 -0.015311
1782119984.790975094 0.040327 -5.979802 1.053162 0.995835 0.087804 -0.019194 -0.015298
1782119984.890874147 0.040003 -5.980124 1.053256 0.995834 0.087814 -0.019194 -0.015302
1782119984.991041422 0.039728 -5.980254 1.053093 0.995836 0.087803 -0.019148 -0.015327
1782119985.090909004 0.039455 -5.980421 1.053067 0.995835 0.087794 -0.019218 -0.015373
1782119985.190948486 0.039321 -5.980519 1.052958 0.995837 0.087768 -0.019210 -0.015351
1782119985.289994955 0.039258 -5.980507 1.052765 0.995842 0.087716 -0.019229 -0.015338
1782119985.391000986 0.039344 -5.980367 1.052617 0.995842 0.087696 -0.019309 -0.015309
1782119985.490790367 0.039548 -5.980106 1.052293 0.995843 0.087708 -0.019230 -0.015332
1782119985.591058731 0.039892 -5.979685 1.052167 0.995842 0.087708 -0.019235 -0.015337
1782119985.690856218 0.040406 -5.979134 1.051948 0.995844 0.087712 -0.019144 -0.015351
1782119985.790754557 0.040985 -5.978504 1.051755 0.995846 0.087660 -0.019134 -0.015512
1782119985.890757799 0.041841 -5.977653 1.051464 0.995845 0.087684 -0.018952 -0.015641
1782119985.990984917 0.042697 -5.976759 1.051213 0.995850 0.087664 -0.018642 -0.015821
1782119986.090898275 0.043673 -5.975815 1.050965 0.995856 0.087630 -0.018267 -0.016086
1782119986.190005541 0.044617 -5.974947 1.050679 0.995860 0.087599 -0.017847 -0.016474
1782119986.290880919 0.045506 -5.974129 1.050537 0.995865 0.087580 -0.017301 -0.016813
1782119986.390850067 0.046145 -5.973566 1.050481 0.995873 0.087539 -0.016608 -0.017250
1782119986.490985870 0.046406 -5.973393 1.050631 0.995883 0.087443 -0.015955 -0.017773
1782119986.590967894 0.046197 -5.973777 1.050839 0.995896 0.087398 -0.014967 -0.018115
1782119986.690766096 0.045069 -5.974858 1.051357 0.995910 0.087300 -0.014041 -0.018555
1782119986.790058136 0.042836 -5.976782 1.051990 0.995927 0.087186 -0.013091 -0.018878
1782119986.890999079 0.039123 -5.979828 1.052702 0.995956 0.086944 -0.012147 -0.019091
1782119986.990962267 0.033650 -5.984047 1.053815 0.995982 0.086759 -0.011350 -0.019091
1782119987.090925694 0.026179 -5.989597 1.055170 0.996012 0.086500 -0.010874 -0.018943
