1782119897.690622330 -0.000638 -0.000570 1.200000 0.099645 0.994444 0.000779 0.033923
1782119897.790625095 0.007050 0.005565 1.199119 0.099506 0.994523 -0.000766 0.031956
1782119897.890673637 0.012099 0.009636 1.198454 0.099403 0.994585 -0.002461 0.030220
1782119897.990537882 0.015219 0.012232 1.197908 0.099344 0.994634 -0.003987 0.028596
1782119898.090710640 0.016963 0.013731 1.197443 0.099305 0.994670 -0.005307 0.027229
1782119898.190637589 0.017683 0.014418 1.197081 0.099296 0.994696 -0.006412 0.026065
1782119898.290656805 0.016866 0.013915 1.196917 0.099277 0.994719 -0.007500 0.024934
1782119898.390439987 0.016557 0.013805 1.196732 0.099273 0.994731 -0.008164 0.024254
1782119898.489886045 0.016086 0.013595 1.196570 0.099309 0.994734 -0.008586 0.023848
1782119898.590681791 0.011054 0.009907 1.197913 0.099042 0.994777 -0.009421 0.022822
1782119898.690709829 0.009818 0.009004 1.197967 0.099010 0.994784 -0.009825 0.022456
1782119898.790730238 0.008720 0.008210 1.198061 0.098996 0.994788 -0.010099 0.022249
1782119898.890750885 0.007845 0.007579 1.198128 0.098978 0.994792 -0.010206 0.022075
1782119898.990482807 0.007057 0.007023 1.198269 0.098997 0.994792 -0.010290 0.021954
1782119899.090600014 0.006504 0.006603 1.198329 0.098974 0.994795 -0.010334 0.021910
1782119899.190677404 0.006078 0.006282 1.198394 0.098980 0.994795 -0.010293 0.021900
1782119899.290632963 0.005810 0.006055 1.198555 0.098954 0.994797 -0.010293 0.021922
1782119899.390622377 0.005673 0.005938 1.198602 0.098960 0.994795 -0.010263 0.022004
1782119899.490481377 0.005614 0.005842 1.198693 0.098951 0.994795 -0.010245 0.022079
1782119899.590716600 0.005632 0.005824 1.198735 0.098967 0.994792 -0.010260 0.022135
1782119899.690743685 0.005715 0.005849 1.198788 0.099007 0.994787 -0.010284 0.022139
1782119899.790753603 0.005878 0.005932 1.198747 0.098955 0.994791 -0.010246 0.022211
1782119899.890513182 0.006041 0.006093 1.198792 0.098948 0.994791 -0.010195 0.022258
1782119899.990620852 0.006182 0.006204 1.198903 0.098953 0.994790 -0.010194 0.022276
1782119900.090670347 0.006403 0.006415 1.198854 0.098937 0.994792 -0.010099 0.022316
1782119900.190620422 0.006530 0.006569 1.198884 0.098896 0.994795 -0.010034 0.022386
1782119900.290630817 0.006694 0.006767 1.198937 0.098858 0.994800 -0.009986 0.022387
1782119900.390790939 0.006812 0.007009 1.198885 0.098855 0.994801 -0.009991 0.022340
1782119900.490004301 0.006990 0.007207 1.198871 0.098866 0.994800 -0.009901 0.022362
1782119900.590764046 0.007098 0.007324 1.199003 0.098863 0.994800 -0.009902 0.022371
1782119900.690586567 0.007207 0.007473 1.199009 0.098885 0.994798 -0.009895 0.022382
1782119900.790500164 0.007307 0.007567 1.199033 0.098851 0.994800 -0.009937 0.022404
1782119900.890677452 0.007385 0.007630 1.199040 0.098825 0.994802 -0.009958 0.022417
1782119900.990650654 0.007433 0.007659 1.199061 0.098807 0.994805 -0.009960 0.022389
1782119901.090649366 0.007468 0.007703 1.198982 0.098820 0.994805 -0.009978 0.022341
1782119901.190620899 0.007475 0.007697 1.198923 0.098806 0.994807 -0.010030 0.022281
1782119901.290630341 0.007535 0.007736 1.198860 0.098811 0.994807 -0.010069 0.022234
1782119901.390647650 0.007591 0.007779 1.198768 0.098844 0.994804 -0.010099 0.022208
1782119901.490537643 0.007709 0.007850 1.198774 0.098857 0.994802 -0.010183 0.022180
1782119901.590843439 0.007876 0.007974 1.198697 0.098866 0.994802 -0.010212 0.022151
1782119901.690705538 0.008110 0.008192 1.198558 0.098886 0.994800 -0.010240 0.022120
1782119901.790588856 0.008413 0.008443 1.198457 0.098909 0.994799 -0.010243 0.022065
1782119901.890614986 0.008850 0.008846 1.198235 0.098919 0.994798 -0.010199 0.022094
1782119901.990440845 0.009354 0.009268 1.198099 0.098914 0.994799 -0.010176 0.022082
1782119902.090694427 0.009991 0.009836 1.197907 0.098958 0.994794 -0.010089 0.022167
1782119902.190568447 0.010697 0.010417 1.197849 0.098986 0.994789 -0.010019 0.022296
1782119902.290733576 0.011561 0.011168 1.197629 0.099022 0.994782 -0.009784 0.022536
1782119902.390603781 0.012433 0.011913 1.197573 0.099064 0.994773 -0.009509 0.022841
1782119902.490501881 0.012469 0.011987 1.197477 0.099083 0.994772 -0.009482 0.022849
1782119902.590756178 0.012598 0.011988 1.197488 0.099057 0.994773 -0.009404 0.022921
1782119902.690573931 0.012549 0.011935 1.197524 0.099072 0.994773 -0.009384 0.022888
1782119902.790715218 0.010892 0.010517 1.197734 0.098963 0.994789 -0.009875 0.022422
1782119902.890821218 0.011599 0.011039 1.197506 0.098973 0.994784 -0.009737 0.022670
1782119902.990615129 0.011471 0.010815 1.197403 0.098962 0.994785 -0.009788 0.022645
1782119903.090688705 0.008614 0.008901 1.198255 0.098781 0.994806 -0.009865 0.022484
1782119903.190747499 0.008334 0.008677 1.198117 0.098766 0.994809 -0.009901 0.022427
1782119903.290752411 0.008035 0.008452 1.197886 0.098760 0.994810 -0.009839 0.022419
1782119903.390763283 0.007633 0.008126 1.197714 0.098774 0.994810 -0.009873 0.022328
1782119903.490407944 0.007204 0.007813 1.197565 0.098842 0.994805 -0.009937 0.022232
1782119903.590534449 0.006891 0.007489 1.197342 0.098853 0.994804 -0.009872 0.022287
1782119903.690656185 0.006491 0.007074 1.197380 0.098849 0.994805 -0.009968 0.022208
1782119903.790727615 0.006205 0.006622 1.197313 0.098892 0.994803 -0.010016 0.022080
1782119903.890641212 0.005814 0.006190 1.197310 0.098900 0.994801 -0.010206 0.022056
1782119903.990492105 0.005977 0.005692 1.197236 0.098883 0.994805 -0.010127 0.021956
1782119904.090723991 0.004708 0.005122 1.197240 0.098781 0.994803 -0.010143 0.022523
1782119904.190668821 -0.000059 0.005848 1.197096 0.095807 0.995064 -0.010162 0.023771
1782119904.290728807 -0.009731 0.006089 1.196910 0.088772 0.995695 -0.009748 0.024813
1782119904.390496016 -0.022885 0.009395 1.196531 0.086242 0.995879 -0.009847 0.026261
1782119904.489902258 -0.036803 0.015940 1.196209 0.084647 0.995968 -0.010678 0.027724
1782119904.590490341 -0.050452 0.021936 1.196137 0.071761 0.996975 -0.011765 0.027439
1782119904.690674067 -0.065924 0.026436 1.196070 0.052595 0.998154 -0.012540 0.027648
1782119904.790694475 -0.083369 0.029197 1.195910 0.037576 0.998821 -0.012792 0.027945
1782119904.890519619 -0.103329 0.031517 1.195726 0.028773 0.999086 -0.013011 0.028809
1782119904.990432978 -0.125118 0.034639 1.195316 0.022490 0.999236 -0.012995 0.029211
1782119905.090760231 -0.149260 0.040004 1.194641 0.018900 0.999311 -0.013382 0.029011
1782119905.190749645 -0.175995 0.046363 1.193975 0.013584 0.999398 -0.013611 0.028887
1782119905.290687084 -0.204621 0.053158 1.193361 0.006162 0.999490 -0.013521 0.028264
1782119905.390667439 -0.236072 0.061230 1.192681 0.001484 0.999476 -0.013112 0.029548
1782119905.490423918 -0.265522 0.072862 1.192068 -0.006366 0.999487 -0.013865 0.028152
1782119905.590426922 -0.297922 0.085399 1.191181 -0.021213 0.999230 -0.013993 0.029880
1782119905.690763712 -0.333043 0.096543 1.190516 -0.040049 0.998661 -0.012993 0.030067
1782119905.790596008 -0.368589 0.109821 1.189398 -0.060067 0.997650 -0.013341 0.030147
1782119905.890725136 -0.404331 0.121432 1.187992 -0.080183 0.996217 -0.013057 0.030836
1782119905.990676165 -0.439011 0.131549 1.186594 -0.097802 0.994621 -0.011936 0.031971
1782119906.090665340 -0.473614 0.142368 1.185330 -0.114772 0.992821 -0.011847 0.031533
1782119906.190754652 -0.509728 0.152406 1.184405 -0.128120 0.991177 -0.011207 0.032061
1782119906.290693998 -0.545472 0.161728 1.182996 -0.138949 0.989709 -0.010362 0.032587
1782119906.390543461 -0.582093 0.172022 1.181489 -0.146502 0.988620 -0.010874 0.032398
1782119906.490017176 -0.621612 0.179095 1.180133 -0.152732 0.987666 -0.010024 0.032995
1782119906.590756893 -0.661295 0.186581 1.178472 -0.156594 0.987052 -0.010317 0.033157
1782119906.690571785 -0.698280 0.193705 1.177077 -0.158891 0.986721 -0.010547 0.031992
1782119906.790505409 -0.736477 0.195422 1.175665 -0.159902 0.986522 -0.009026 0.033520
1782119906.890629530 -0.773188 0.197264 1.174334 -0.155907 0.987166 -0.009405 0.033291
1782119906.990687370 -0.810508 0.197875 1.172903 -0.149651 0.988141 -0.008911 0.033219
1782119907.090675592 -0.849335 0.198672 1.171774 -0.142126 0.989274 -0.009294 0.032410
1782119907.190696239 -0.888592 0.198029 1.170866 -0.135271 0.990235 -0.009152 0.032446
1782119907.290821075 -0.924940 0.196573 1.169916 -0.128203 0.991193 -0.008778 0.031997
1782119907.389882565 -0.959885 0.194356 1.168344 -0.126888 0.991371 -0.009534 0.031486
1782119907.489903927 -0.991926 0.190735 1.167802 -0.125706 0.991543 -0.009255 0.030912
1782119907.590658903 -1.023441 0.184828 1.166952 -0.125255 0.991544 -0.008932 0.032738
1782119907.690443993 -1.052470 0.176692 1.165870 -0.127093 0.991335 -0.009030 0.031954
1782119907.790675640 -1.082567 0.165243 1.165015 -0.128051 0.991231 -0.008958 0.031382
1782119907.890678883 -1.114441 0.151059 1.162856 -0.127237 0.991334 -0.008322 0.031602
1782119907.990519762 -1.145981 0.136262 1.160966 -0.125105 0.991625 -0.008857 0.030825
1782119908.090773344 -1.177832 0.120155 1.159194 -0.122711 0.991902 -0.009136 0.031459
1782119908.190808535 -1.207620 0.103175 1.157740 -0.118936 0.992417 -0.009549 0.029524
1782119908.290446281 -1.239051 0.083925 1.156470 -0.117908 0.992470 -0.008919 0.031975
1782119908.390558720 -1.264817 0.064891 1.155387 -0.121557 0.992066 -0.009563 0.030614
1782119908.490849972 -1.290379 0.042959 1.154528 -0.126555 0.991421 -0.008586 0.031523
1782119908.590425968 -1.314940 0.020190 1.154041 -0.132794 0.990580 -0.007745 0.032522
1782119908.690629482 -1.342273 -0.004660 1.153368 -0.182288 0.982600 -0.008088 0.034680
1782119908.790728331 -1.363529 -0.033890 1.152398 -0.261081 0.964732 -0.004656 0.033271
1782119908.890679359 -1.388442 -0.063458 1.149941 -0.330047 0.943233 -0.003399 0.036990
1782119908.990640402 -1.407355 -0.093258 1.147773 -0.397125 0.916989 -0.003062 0.037595
1782119909.090697527 -1.424434 -0.125337 1.145904 -0.451758 0.891270 -0.000788 0.039394
1782119909.190470219 -1.441025 -0.155019 1.144146 -0.489727 0.870945 -0.001738 0.040240
1782119909.290620565 -1.457725 -0.185234 1.142641 -0.490333 0.870602 0.000388 0.040314
1782119909.390678406 -1.475249 -0.215205 1.141360 -0.487022 0.872539 0.000774 0.038535
1782119909.490870953 -1.496798 -0.247168 1.139962 -0.485322 0.873470 0.000453 0.038884
1782119909.590621710 -1.519075 -0.282243 1.138670 -0.483692 0.874348 0.001247 0.039437
1782119909.690687895 -1.540541 -0.318095 1.137825 -0.475978 0.878670 0.001792 0.037148
1782119909.790679216 -1.566449 -0.352388 1.136160 -0.465632 0.884195 -0.000194 0.037226
1782119909.890814781 -1.590961 -0.388473 1.134643 -0.453392 0.890572 0.000625 0.036275
1782119909.990604162 -1.615673 -0.420957 1.133456 -0.444776 0.894990 0.000081 0.034157
1782119910.090646029 -1.642779 -0.450465 1.132023 -0.444305 0.895213 -0.000979 0.034449
1782119910.190620899 -1.669068 -0.479613 1.130810 -0.445984 0.894338 -0.000542 0.035454
1782119910.290616751 -1.693611 -0.506591 1.129622 -0.446806 0.893959 -0.001311 0.034637
1782119910.390748262 -1.713670 -0.526950 1.128652 -0.448845 0.892991 -0.003088 0.033111
1782119910.490850687 -1.727228 -0.540569 1.127784 -0.450751 0.892018 -0.003672 0.033375
1782119910.590629578 -1.736809 -0.553917 1.126925 -0.452568 0.891042 -0.001838 0.034981
1782119910.690670967 -1.744490 -0.564026 1.126304 -0.453418 0.890623 -0.001811 0.034630
1782119910.790629148 -1.751306 -0.572784 1.125722 -0.454311 0.890195 -0.002011 0.033924
1782119910.890700817 -1.758271 -0.581208 1.125118 -0.455088 0.889787 -0.001942 0.034219
1782119910.990485907 -1.764593 -0.589158 1.124742 -0.455948 0.889341 -0.001785 0.034365
1782119911.090677500 -1.770571 -0.596021 1.124206 -0.456758 0.888941 -0.002094 0.033939
1782119911.190578222 -1.776459 -0.602076 1.123876 -0.457660 0.888475 -0.002323 0.033985
1782119911.290755033 -1.782124 -0.607774 1.123412 -0.458408 0.888070 -0.002254 0.034478
1782119911.390625954 -1.786625 -0.611642 1.123216 -0.459043 0.887742 -0.002722 0.034449
1782119911.490845203 -1.790246 -0.616062 1.122707 -0.459530 0.887501 -0.002774 0.034153
1782119911.590744495 -1.794277 -0.620726 1.122130 -0.460046 0.887227 -0.002709 0.034324
1782119911.690673590 -1.797431 -0.624368 1.121779 -0.460391 0.887042 -0.002792 0.034489
1782119911.790826559 -1.800627 -0.628159 1.121458 -0.460831 0.886811 -0.002769 0.034549
1782119911.890477180 -1.803096 -0.631237 1.121152 -0.460932 0.886750 -0.002709 0.034772
1782119911.990641356 -1.804571 -0.633115 1.120886 -0.461118 0.886650 -0.002710 0.034848
1782119912.090688705 -1.805178 -0.633711 1.120662 -0.461034 0.886693 -0.002855 0.034858
1782119912.190852642 -1.805124 -0.633544 1.120353 -0.460914 0.886757 -0.002958 0.034814
1782119912.290634871 -1.805042 -0.633472 1.120011 -0.460886 0.886770 -0.002908 0.034850
1782119912.390708923 -1.805180 -0.633474 1.119659 -0.460791 0.886816 -0.002917 0.034940
1782119912.490921497 -1.807619 -0.637201 1.119057 -0.460603 0.886835 -0.001695 0.036951
1782119912.590725183 -1.811989 -0.644945 1.118552 -0.459475 0.887462 -0.001982 0.035929
1782119912.690558672 -1.823346 -0.661651 1.117692 -0.459198 0.887558 -0.000540 0.037113
1782119912.790733576 -1.840549 -0.683434 1.116763 -0.459059 0.887618 -0.000480 0.037400
1782119912.890659332 -1.861702 -0.708801 1.115713 -0.458752 0.887815 -0.001240 0.036465
1782119912.990680218 -1.887155 -0.736742 1.114402 -0.459723 0.887312 -0.001647 0.036468
1782119913.090664625 -1.913006 -0.764110 1.113490 -0.460121 0.887116 -0.001192 0.036223
1782119913.190642357 -1.939533 -0.789742 1.112274 -0.461115 0.886587 -0.001363 0.036545
1782119913.290588379 -1.967212 -0.813797 1.110894 -0.462547 0.885833 -0.002556 0.036655
1782119913.390474319 -1.995802 -0.838157 1.109659 -0.463328 0.885425 -0.002065 0.036688
1782119913.490883112 -2.026240 -0.860113 1.108222 -0.462699 0.885794 -0.002222 0.035696
1782119913.590559959 -2.058405 -0.878154 1.106948 -0.460258 0.887124 -0.002836 0.034134
1782119913.690770388 -2.093632 -0.895762 1.105723 -0.456665 0.888986 -0.003618 0.033886
1782119913.790626049 -2.129733 -0.911819 1.104226 -0.448212 0.893278 -0.004070 0.033831
1782119913.890545845 -2.166878 -0.924908 1.102638 -0.435875 0.899349 -0.004852 0.034071
1782119913.990760088 -2.205536 -0.936852 1.101035 -0.423181 0.905407 -0.005492 0.033546
1782119914.090593815 -2.246498 -0.949200 1.099263 -0.405935 0.913257 -0.005270 0.033921
1782119914.190536261 -2.292248 -0.958988 1.097329 -0.384745 0.922354 -0.006447 0.034537
1782119914.290492296 -2.339533 -0.965557 1.095327 -0.361454 0.931766 -0.007428 0.033284
1782119914.389776707 -2.387324 -0.970357 1.093463 -0.337171 0.940832 -0.008137 0.032918
1782119914.490785599 -2.437691 -0.975189 1.091485 -0.313573 0.948943 -0.007669 0.033460
1782119914.590768099 -2.488197 -0.973977 1.089501 -0.293623 0.955292 -0.008911 0.033504
1782119914.690691233 -2.539746 -0.969516 1.087327 -0.273364 0.961238 -0.010435 0.034408
1782119914.790567636 -2.589825 -0.965615 1.085513 -0.251461 0.967229 -0.009655 0.033807
1782119914.890821218 -2.641476 -0.957179 1.084178 -0.231019 0.972311 -0.010743 0.033560
1782119914.990694523 -2.692405 -0.946811 1.082624 -0.210672 0.976951 -0.011435 0.032468
1782119915.090598583 -2.741359 -0.935304 1.081810 -0.187407 0.981703 -0.011448 0.031716
1782119915.190517426 -2.789201 -0.922524 1.080632 -0.167225 0.985363 -0.011327 0.031113
1782119915.290728569 -2.834859 -0.906650 1.079474 -0.147523 0.988554 -0.011926 0.029262
1782119915.390635967 -2.879907 -0.892041 1.078330 -0.126090 0.991517 -0.011187 0.029507
1782119915.491052866 -2.925382 -0.876711 1.077295 -0.105063 0.993998 -0.009943 0.028817
1782119915.590639114 -2.970941 -0.858029 1.076433 -0.087700 0.995680 -0.010729 0.028536
1782119915.690542698 -3.016966 -0.838213 1.075707 -0.072032 0.996928 -0.011531 0.028511
1782119915.790549040 -3.062295 -0.817643 1.074870 -0.058266 0.997814 -0.012624 0.028514
1782119915.890761375 -3.107020 -0.798224 1.073949 -0.048033 0.998365 -0.012271 0.028449
1782119915.990632057 -3.152962 -0.777931 1.073464 -0.040630 0.998719 -0.011975 0.027687
1782119916.090654850 -3.198187 -0.755253 1.072770 -0.033713 0.998958 -0.012601 0.028072
1782119916.190697432 -3.242404 -0.730656 1.071906 -0.027698 0.999137 -0.013161 0.028028
1782119916.290712118 -3.286141 -0.705915 1.071561 -0.019269 0.999334 -0.012859 0.028191
1782119916.390758514 -3.329159 -0.676459 1.070554 -0.013295 0.999407 -0.014350 0.028339
1782119916.490816832 -3.371450 -0.645854 1.070338 -0.008027 0.999471 -0.014987 0.027714
1782119916.590577841 -3.415340 -0.615388 1.069862 -0.001738 0.999508 -0.014447 0.027779
1782119916.690733433 -3.460647 -0.580886 1.068938 0.005323 0.999475 -0.015066 0.028192
1782119916.790798903 -3.506727 -0.545422 1.068298 0.013258 0.999412 -0.014691 0.027985
1782119916.890605211 -3.552004 -0.508806 1.067320 0.021789 0.999234 -0.015459 0.028602
1782119916.989857435 -3.596461 -0.472759 1.066654 0.029844 0.999036 -0.015792 0.028054
1782119917.090761185 -3.641928 -0.436972 1.065780 0.036640 0.998812 -0.015827 0.027952
1782119917.190701723 -3.686058 -0.401204 1.064916 0.043218 0.998559 -0.016504 0.027199
1782119917.290837288 -3.732611 -0.367257 1.064095 0.048628 0.998266 -0.016472 0.028806
1782119917.390633583 -3.776482 -0.333370 1.063458 0.048325 0.998333 -0.016915 0.026651
1782119917.490919828 -3.826050 -0.300749 1.062558 0.047757 0.998302 -0.016397 0.029037
1782119917.591116667 -3.875003 -0.265212 1.061902 0.043951 0.998487 -0.017397 0.028096
1782119917.690708637 -3.924434 -0.232410 1.060963 0.038128 0.998752 -0.015984 0.028038
1782119917.790684462 -3.973977 -0.197788 1.060123 0.033239 0.998884 -0.016612 0.029156
1782119917.890713215 -4.021394 -0.165464 1.059182 0.030115 0.999012 -0.015821 0.028603
1782119917.990650654 -4.068984 -0.133481 1.058304 0.027350 0.999060 -0.015861 0.029650
1782119918.090739489 -4.115350 -0.102743 1.057606 0.023862 0.999147 -0.015594 0.029873
1782119918.190851927 -4.158479 -0.073704 1.057238 0.019782 0.999269 -0.015028 0.029043
1782119918.290857315 -4.203290 -0.042263 1.056444 0.016164 0.999299 -0.015912 0.029788
1782119918.390625238 -4.246270 -0.012982 1.055759 0.009382 0.999430 -0.015326 0.028567
1782119918.490869045 -4.291031 0.012712 1.055574 0.007642 0.999403 -0.014048 0.030641
1782119918.590740681 -4.333965 0.037185 1.055020 0.007008 0.999417 -0.013471 0.030563
1782119918.690560341 -4.377573 0.063883 1.053571 0.006534 0.999429 -0.014110 0.029988
1782119918.789907455 -4.423429 0.089068 1.052482 0.005721 0.999402 -0.013892 0.031142
1782119918.890695572 -4.465720 0.115302 1.051852 0.004373 0.999483 -0.014091 0.028554
1782119918.990680933 -4.508090 0.141518 1.050343 0.002375 0.999461 -0.014111 0.029530
1782119919.090706587 -4.552314 0.167393 1.048611 -0.002121 0.999454 -0.013208 0.030201
1782119919.190712929 -4.592898 0.195619 1.047846 -0.006154 0.999483 -0.014171 0.028183
1782119919.290673018 -4.634391 0.220955 1.047241 -0.009094 0.999400 -0.013868 0.030398
1782119919.390549898 -4.673183 0.247450 1.046390 -0.013519 0.999350 -0.014392 0.030150
1782119919.490923405 -4.714211 0.272501 1.045648 -0.018680 0.999279 -0.013459 0.030201
1782119919.590563774 -4.758616 0.299007 1.044834 -0.024151 0.999127 -0.013544 0.031268
1782119919.690497160 -4.801230 0.326588 1.043956 -0.029847 0.999041 -0.014230 0.028707
1782119919.790707588 -4.847803 0.351657 1.043109 -0.033852 0.998830 -0.013581 0.031743
1782119919.890681505 -4.891317 0.375838 1.042066 -0.042476 0.998584 -0.013129 0.029205
1782119919.990652084 -4.939796 0.395524 1.040821 -0.050786 0.998151 -0.011791 0.031233
1782119920.090629578 -4.987831 0.413679 1.039411 -0.057839 0.997796 -0.011944 0.030254
1782119920.190609455 -5.039630 0.428595 1.037824 -0.059967 0.997638 -0.011127 0.031599
1782119920.290489912 -5.092873 0.443263 1.036225 -0.060755 0.997595 -0.012348 0.030982
1782119920.390792608 -5.148577 0.454520 1.034917 -0.061345 0.997573 -0.011320 0.030929
1782119920.490741730 -5.203418 0.464677 1.033819 -0.061601 0.997570 -0.011155 0.030575
1782119920.590667725 -5.259173 0.478004 1.032752 -0.063141 0.997388 -0.013482 0.032390
1782119920.690754414 -5.309907 0.487791 1.031681 -0.065036 0.997343 -0.012322 0.030430
1782119920.790677071 -5.363439 0.499510 1.030231 -0.065728 0.997247 -0.012526 0.031974
1782119920.890722275 -5.414595 0.509777 1.029256 -0.067190 0.997182 -0.011482 0.031348
1782119920.990623236 -5.467216 0.524165 1.028011 -0.067655 0.997115 -0.013137 0.031823
1782119921.090608597 -5.521189 0.536344 1.026966 -0.069866 0.996976 -0.012503 0.031648
1782119921.190710306 -5.575278 0.551006 1.025861 -0.071962 0.996839 -0.012962 0.031078
1782119921.290760756 -5.629143 0.563651 1.024938 -0.074888 0.996626 -0.012077 0.031344
1782119921.390544176 -5.682654 0.577433 1.023414 -0.079979 0.996261 -0.011771 0.030492
1782119921.490941525 -5.737212 0.588949 1.022031 -0.083138 0.996016 -0.010445 0.030501
1782119921.590705156 -5.792770 0.600506 1.020568 -0.086506 0.995697 -0.010260 0.031617
1782119921.690700054 -5.850320 0.612274 1.019343 -0.087698 0.995576 -0.011137 0.031832
1782119921.790743589 -5.909892 0.620807 1.018004 -0.089751 0.995425 -0.010205 0.031133
1782119921.890680075 -5.972904 0.630539 1.016947 -0.090463 0.995372 -0.010899 0.030535
1782119921.990853548 -6.035137 0.638205 1.015772 -0.092902 0.995166 -0.010227 0.030169
1782119922.090729952 -6.096693 0.646653 1.014855 -0.097284 0.994731 -0.010353 0.030634
1782119922.190701246 -6.154033 0.655087 1.014025 -0.103181 0.994182 -0.010553 0.029054
1782119922.290700674 -6.211615 0.661063 1.012851 -0.109248 0.993490 -0.010231 0.030610
1782119922.390687227 -6.265964 0.667756 1.010154 -0.117912 0.992496 -0.011082 0.030412
1782119922.490903854 -6.321404 0.671234 1.007176 -0.127952 0.991224 -0.011103 0.031310
1782119922.590714693 -6.379479 0.671363 1.004385 -0.140184 0.989527 -0.010378 0.032834
1782119922.690788507 -6.436348 0.671297 1.002283 -0.154320 0.987496 -0.010486 0.030446
1782119922.790729046 -6.495900 0.666852 1.000004 -0.168909 0.985031 -0.009045 0.033195
1782119922.890718937 -6.553026 0.662570 0.998084 -0.183322 0.982490 -0.009357 0.031906
1782119922.990767956 -6.610783 0.653756 0.996757 -0.199636 0.979263 -0.009422 0.033190
1782119923.090639353 -6.664492 0.638805 0.995488 -0.216900 0.975610 -0.007419 0.032925
1782119923.190828323 -6.718543 0.621288 0.994026 -0.231475 0.972241 -0.006540 0.033542
1782119923.290757418 -6.771085 0.601077 0.992389 -0.245873 0.968698 -0.006888 0.033506
1782119923.390606642 -6.822308 0.575823 0.990638 -0.263448 0.964077 -0.005844 0.033430
1782119923.490604877 -6.869903 0.548699 0.989523 -0.280716 0.959201 -0.005403 0.033208
1782119923.590796232 -6.913673 0.520557 0.987895 -0.294746 0.954997 -0.005242 0.032837
1782119923.690801620 -6.953020 0.490573 0.986254 -0.308057 0.950809 -0.005080 0.032193
1782119923.790589809 -6.987622 0.459704 0.984675 -0.320363 0.946691 -0.004805 0.033464
1782119923.890779972 -7.016703 0.427052 0.983018 -0.333678 0.942061 -0.004511 0.034049
1782119923.990658045 -7.040963 0.391990 0.981429 -0.347033 0.937239 -0.002963 0.033799
1782119924.090595245 -7.064619 0.356597 0.979798 -0.360622 0.932065 -0.002576 0.034631
1782119924.190778732 -7.084972 0.318688 0.978567 -0.377137 0.925538 -0.002168 0.033798
1782119924.290675163 -7.103978 0.279534 0.977009 -0.393765 0.918575 -0.001468 0.034150
1782119924.390736818 -7.120763 0.240955 0.975493 -0.415022 0.909192 -0.002293 0.033481
1782119924.490800142 -7.136419 0.199009 0.974034 -0.435229 0.899615 -0.000287 0.035613
1782119924.590731859 -7.149106 0.158473 0.972516 -0.455677 0.889491 -0.000697 0.034121
1782119924.690877438 -7.160909 0.115116 0.970889 -0.474957 0.879320 0.000701 0.034798
1782119924.790756702 -7.171038 0.071701 0.969334 -0.492582 0.869604 0.000618 0.033939
1782119924.890632153 -7.182800 0.026211 0.967435 -0.512051 0.858250 0.000155 0.034800
1782119924.990614176 -7.192997 -0.021766 0.966111 -0.526012 0.849745 0.001692 0.035253
1782119925.090825081 -7.201140 -0.069252 0.964583 -0.540588 0.840575 0.001995 0.034548
1782119925.190684080 -7.208288 -0.115218 0.963516 -0.553906 0.831849 0.002454 0.034784
1782119925.290719748 -7.213726 -0.158561 0.962281 -0.567327 0.822745 0.003305 0.034916
1782119925.390537500 -7.218772 -0.201538 0.961174 -0.582017 0.812449 0.002753 0.034274
1782119925.490707636 -7.225909 -0.243858 0.960229 -0.596395 0.801915 0.004082 0.035063
1782119925.590605736 -7.233717 -0.283944 0.959065 -0.607449 0.793612 0.003653 0.034250
1782119925.690782547 -7.243832 -0.325223 0.958270 -0.617452 0.785861 0.004815 0.033946
1782119925.790655613 -7.255891 -0.367283 0.957359 -0.626875 0.778369 0.004923 0.033852
1782119925.890554905 -7.272633 -0.413892 0.956108 -0.637825 0.769407 0.003974 0.034301
1782119925.990811825 -7.290716 -0.463093 0.955141 -0.649049 0.759958 0.004981 0.034272
1782119926.090689659 -7.310632 -0.513888 0.953806 -0.661194 0.749411 0.004836 0.034380
1782119926.190563202 -7.328331 -0.567214 0.951486 -0.672131 0.739640 0.006098 0.033689
1782119926.290556431 -7.346749 -0.617118 0.949703 -0.682434 0.730218 0.004636 0.032319
1782119926.390752554 -7.362784 -0.669703 0.947493 -0.692066 0.720949 0.007460 0.034959
1782119926.490667820 -7.377693 -0.718935 0.945612 -0.701371 0.711934 0.006419 0.034471
1782119926.590775728 -7.388872 -0.772118 0.944645 0.710218 -0.703063 -0.008503 -0.034927
1782119926.690782309 -7.400510 -0.824177 0.943973 0.716678 -0.696530 -0.007058 -0.034191
1782119926.790512323 -7.408739 -0.880396 0.943038 0.722430 -0.690539 -0.008634 -0.034300
1782119926.890727282 -7.418827 -0.935392 0.941654 0.726349 -0.686404 -0.007820 -0.034707
1782119926.990769625 -7.427241 -0.990509 0.940311 0.730056 -0.682458 -0.008460 -0.034625
1782119927.090566397 -7.438041 -1.042616 0.938753 0.732205 -0.680140 -0.007689 -0.035024
1782119927.190524817 -7.447145 -1.094083 0.937465 0.732309 -0.680088 -0.007410 -0.033902
1782119927.290795088 -7.457690 -1.145353 0.935854 0.730120 -0.682428 -0.007868 -0.033973
1782119927.390714169 -7.470684 -1.195949 0.934131 0.726554 -0.686215 -0.007014 -0.034334
1782119927.490905762 -7.484698 -1.247848 0.932552 0.719129 -0.693997 -0.007424 -0.034162
1782119927.590761662 -7.504142 -1.298612 0.930832 0.710667 -0.702667 -0.005364 -0.034405
1782119927.690551758 -7.524220 -1.348508 0.929427 -0.698277 0.714994 0.005847 0.034033
1782119927.789857388 -7.548527 -1.395605 0.928040 -0.683548 0.729101 0.004892 0.033912
1782119927.890810013 -7.575128 -1.439095 0.926568 -0.668934 0.742563 0.003032 0.033431
1782119927.990538597 -7.602258 -1.481043 0.925503 -0.650613 0.758613 0.003333 0.034609
1782119928.090786457 -7.630805 -1.517526 0.924368 -0.631651 0.774517 0.001398 0.033736
1782119928.190762043 -7.662291 -1.550062 0.922856 -0.612554 0.789694 -0.000788 0.034063
1782119928.290652275 -7.695604 -1.578860 0.921515 -0.593393 0.804199 -0.002467 0.033790
1782119928.390733957 -7.732580 -1.606259 0.920267 -0.567335 0.822797 -0.003099 0.033543
1782119928.490676880 -7.774509 -1.630733 0.919289 -0.537522 0.842578 -0.003425 0.033480
1782119928.590537071 -7.820435 -1.652453 0.917557 -0.505990 0.861897 -0.004553 0.032971
1782119928.690577745 -7.869923 -1.667695 0.916464 -0.473294 0.880228 -0.006862 0.033810
1782119928.790801525 -7.917417 -1.679781 0.915556 -0.437471 0.898603 -0.007016 0.032903
1782119928.890549660 -7.965839 -1.685741 0.914861 -0.401300 0.915337 -0.008290 0.032372
1782119928.990542412 -8.013844 -1.687875 0.914313 -0.366065 0.930011 -0.008992 0.031561
1782119929.090759754 -8.062625 -1.685139 0.914056 -0.328913 0.943789 -0.010350 0.031157
1782119929.190758705 -8.108680 -1.677547 0.914312 -0.285315 0.957906 -0.010926 0.029873
1782119929.290725470 -8.151638 -1.666176 0.914388 -0.236713 0.971076 -0.011357 0.029161
1782119929.390688419 -8.189353 -1.649962 0.914841 -0.188764 0.981582 -0.012160 0.026791
1782119929.490595102 -8.223414 -1.630112 0.915086 -0.140005 0.989725 -0.013466 0.025713
1782119929.590556622 -8.253554 -1.606704 0.915389 -0.092050 0.995344 -0.014921 0.024372
1782119929.690681934 -8.281397 -1.581428 0.915567 -0.043833 0.998629 -0.016416 0.023443
1782119929.790545702 -8.307014 -1.552857 0.915700 0.005368 0.999576 -0.017609 0.022551
1782119929.890753984 -8.331637 -1.524038 0.915624 0.054303 0.998140 -0.017426 0.021536
1782119929.990795851 -8.354283 -1.491862 0.916257 0.107234 0.993868 -0.018456 0.019639
1782119930.090827703 -8.375355 -1.456375 0.916688 0.160142 0.986697 -0.019670 0.019934
1782119930.189867973 -8.396653 -1.417761 0.916654 0.207334 0.977846 -0.021378 0.019284
1782119930.290703773 -8.414688 -1.375854 0.916636 0.244218 0.969320 -0.021930 0.017183
1782119930.390541792 -8.429811 -1.333176 0.917513 0.274905 0.961091 -0.021811 0.016022
1782119930.490806341 -8.442299 -1.288453 0.918122 0.302973 0.952603 -0.022669 0.015557
1782119930.590711832 -8.453026 -1.244779 0.918787 0.331647 0.943015 -0.021983 0.015814
1782119930.690557241 -8.461858 -1.198971 0.919155 0.356671 0.933833 -0.022077 0.015972
1782119930.789854288 -8.467303 -1.151056 0.919284 0.378535 0.925182 -0.022909 0.015013
1782119930.890710115 -8.469638 -1.104019 0.919617 0.402153 0.915174 -0.022939 0.014228
1782119930.990659475 -8.468297 -1.057553 0.919976 0.428202 0.903252 -0.023730 0.014698
1782119931.090888739 -8.464163 -1.013653 0.920064 0.452895 0.891151 -0.023417 0.013696
1782119931.190741539 -8.455676 -0.970786 0.920082 0.475166 0.879485 -0.023945 0.012267
1782119931.290550709 -8.450184 -0.929257 0.920159 0.497662 0.866961 -0.023285 0.013018
1782119931.390761852 -8.443518 -0.886035 0.920174 0.519927 0.853783 -0.023687 0.012997
1782119931.490801811 -8.436552 -0.839876 0.920231 0.538676 0.842034 -0.025233 0.013058
1782119931.590548515 -8.429247 -0.793218 0.920431 0.554855 0.831482 -0.025559 0.010962
1782119931.690779448 -8.422539 -0.744928 0.921439 0.569468 0.821530 -0.025787 0.011381
1782119931.790832758 -8.416823 -0.698610 0.922177 0.583149 0.811868 -0.025710 0.012064
1782119931.890643597 -8.406635 -0.654978 0.923058 0.595475 0.802927 -0.024912 0.009899
1782119931.990757465 -8.397781 -0.609037 0.924158 0.606944 0.794220 -0.026509 0.011478
1782119932.090708494 -8.388715 -0.564893 0.925402 0.618387 0.785370 -0.026101 0.010533
1782119932.190594912 -8.378728 -0.517180 0.926401 0.627875 0.777781 -0.026980 0.010031
1782119932.290738106 -8.372218 -0.468209 0.927962 0.634816 0.772181 -0.025402 0.009986
1782119932.390804291 -8.365018 -0.416535 0.929390 0.642516 0.765777 -0.025603 0.010177
1782119932.490596294 -8.356855 -0.364499 0.930635 0.648578 0.760638 -0.026220 0.009461
1782119932.589861155 -8.350714 -0.311648 0.932291 0.654349 0.755706 -0.025091 0.010258
1782119932.690754652 -8.340305 -0.259698 0.933476 0.658985 0.751645 -0.026319 0.008681
1782119932.790650368 -8.332301 -0.208337 0.934599 0.663586 0.747557 -0.027159 0.008696
1782119932.890809059 -8.323349 -0.155219 0.935513 0.667580 0.743963 -0.028242 0.007631
1782119932.990701675 -8.315688 -0.099859 0.936871 0.670649 0.741236 -0.027326 0.007237
1782119933.090672731 -8.308430 -0.040586 0.938336 0.674426 0.737799 -0.027082 0.008241
1782119933.190590858 -8.296458 0.014712 0.939300 0.679574 0.733139 -0.025615 0.005560
1782119933.290807486 -8.286103 0.074268 0.940351 0.686865 0.726240 -0.026901 0.008248
1782119933.390627623 -8.270558 0.125408 0.941375 0.694246 0.719298 -0.024730 0.004640
1782119933.490770578 -8.254837 0.180244 0.942758 0.703376 0.710306 -0.026101 0.006769
1782119933.590697765 -8.234304 0.229647 0.943758 0.713461 0.700205 -0.025836 0.004413
1782119933.690742016 -8.211838 0.279154 0.944923 0.722636 0.690698 -0.026736 0.004373
1782119933.789890766 -8.186946 0.326217 0.946611 0.731914 0.680870 -0.026474 0.004084
1782119933.890721798 -8.157287 0.369781 0.948709 0.742608 0.669242 -0.025353 0.002396
1782119933.990661383 -8.124501 0.413013 0.951273 0.757017 0.652829 -0.027101 0.002171
1782119934.090775490 -8.090969 0.452712 0.953404 0.774311 0.632224 -0.027068 0.001613
1782119934.190678358 -8.054705 0.489225 0.955873 0.791962 0.609905 -0.028439 0.001659
1782119934.290939093 -8.015849 0.522979 0.958440 0.809945 0.585845 -0.027844 -0.000245
1782119934.390533686 -7.973534 0.558053 0.961049 0.826922 0.561578 -0.028775 -0.001228
1782119934.490697145 -7.929615 0.591305 0.963313 0.843424 0.536522 -0.027840 -0.002252
1782119934.590627670 -7.882186 0.621383 0.965311 0.858691 0.511763 -0.026954 -0.004683
1782119934.690836906 -7.836033 0.652550 0.967434 0.872416 0.487972 -0.027578 -0.003597
1782119934.790754557 -7.787466 0.677298 0.968848 0.883907 0.466882 -0.026159 -0.006700
1782119934.890927315 -7.740428 0.698122 0.970167 0.894899 0.445565 -0.024420 -0.005601
1782119934.990807056 -7.689615 0.716548 0.971484 0.905868 0.422730 -0.025884 -0.005624
1782119935.090706110 -7.638896 0.730944 0.972683 0.916057 0.400132 -0.026220 -0.006849
1782119935.190590858 -7.588019 0.742357 0.974061 0.925190 0.378687 -0.023375 -0.008570
1782119935.290856838 -7.534670 0.755548 0.975129 0.934550 0.354944 -0.023962 -0.007474
1782119935.390646935 -7.482568 0.761074 0.976357 0.943263 0.331122 -0.023045 -0.009062
1782119935.490655899 -7.430739 0.767019 0.977382 0.950976 0.308235 -0.023602 -0.008904
1782119935.590797901 -7.379284 0.769217 0.979086 0.958413 0.284155 -0.024322 -0.010398
1782119935.690751314 -7.330529 0.772825 0.980445 0.964444 0.263005 -0.023905 -0.010197
1782119935.790626526 -7.278804 0.775172 0.982183 0.970044 0.241468 -0.024102 -0.011290
1782119935.890841246 -7.226145 0.777574 0.983943 0.975283 0.219357 -0.023676 -0.012081
1782119935.990706205 -7.170111 0.779003 0.985609 0.980180 0.196155 -0.024706 -0.012661
1782119936.090568781 -7.115730 0.776521 0.987159 0.984409 0.173897 -0.022061 -0.014577
1782119936.190824509 -7.055303 0.776341 0.988759 0.987817 0.152881 -0.025509 -0.013951
1782119936.290722609 -6.999525 0.771768 0.990389 0.990093 0.137609 -0.022926 -0.015911
1782119936.390660524 -6.939083 0.768758 0.992032 0.991914 0.123317 -0.025424 -0.015879
1782119936.490545511 -6.881421 0.763670 0.993546 0.993594 0.109122 -0.024224 -0.016632
1782119936.590688705 -6.822029 0.755037 0.994959 0.994808 0.097049 -0.024351 -0.018582
1782119936.690698385 -6.761978 0.747876 0.996654 0.995872 0.085096 -0.025541 -0.018572
1782119936.790828466 -6.705155 0.738326 0.998151 0.996800 0.073802 -0.023570 -0.019665
1782119936.890724659 -6.648850 0.731301 1.000005 0.997550 0.062792 -0.024794 -0.018368
1782119936.990611315 -6.594203 0.720900 1.001219 0.998266 0.050463 -0.023349 -0.019312
1782119937.090863466 -6.535444 0.712281 1.002627 0.998837 0.036352 -0.024804 -0.019695
1782119937.190726042 -6.476274 0.703428 1.004031 0.999381 0.017541 -0.023624 -0.019285
1782119937.290572643 -6.413508 0.692987 1.005132 0.999521 -0.005568 -0.022875 -0.020091
1782119937.390721798 -6.349238 0.681707 1.007383 0.999095 -0.029523 -0.022552 -0.020700
1782119937.490799427 -6.287115 0.671911 1.009473 0.998304 -0.050092 -0.021712 -0.020193
1782119937.590822697 -6.222570 0.661130 1.010622 0.997523 -0.063227 -0.023136 -0.020368
1782119937.690948248 -6.162367 0.649055 1.011922 0.996913 -0.072569 -0.021194 -0.021210
1782119937.790710926 -6.101106 0.637757 1.014038 0.996429 -0.078346 -0.022922 -0.021594
1782119937.890574455 -6.042333 0.626588 1.016335 0.995930 -0.084636 -0.022224 -0.021611
1782119937.990605354 -5.980844 0.613824 1.017989 0.995351 -0.091067 -0.022493 -0.021856
1782119938.090864897 -5.918765 0.601962 1.019583 0.994610 -0.098822 -0.023085 -0.021258
1782119938.190646648 -5.860712 0.588325 1.021402 0.993488 -0.110096 -0.019814 -0.021651
1782119938.290659666 -5.797497 0.575211 1.022719 0.992218 -0.120257 -0.024181 -0.021387
1782119938.390631199 -5.744240 0.558900 1.024161 0.989985 -0.137862 -0.017783 -0.024630
1782119938.490798235 -5.680734 0.545925 1.025381 0.987238 -0.155804 -0.023005 -0.023587
1782119938.590779305 -5.623943 0.531813 1.026950 0.983618 -0.177617 -0.019187 -0.024084
1782119938.690650702 -5.559223 0.515414 1.028312 0.979402 -0.199311 -0.021272 -0.024395
1782119938.790871859 -5.500196 0.497495 1.029861 0.975052 -0.219948 -0.016646 -0.024875
1782119938.890578747 -5.434803 0.476173 1.031055 0.971104 -0.236402 -0.020774 -0.025290
1782119938.990856647 -5.376325 0.454041 1.032683 0.966414 -0.255169 -0.016393 -0.025748
1782119939.090881824 -5.315864 0.428124 1.033748 0.962232 -0.270411 -0.017690 -0.025969
1782119939.190582037 -5.258819 0.401755 1.034532 0.957948 -0.285179 -0.016883 -0.026888
1782119939.290776968 -5.199620 0.374919 1.035533 0.953885 -0.298507 -0.018132 -0.025828
1782119939.390722275 -5.142308 0.344976 1.035989 0.949747 -0.311299 -0.018713 -0.026911
1782119939.489846945 -5.084309 0.315622 1.036754 0.945291 -0.324612 -0.018342 -0.026760
1782119939.590682268 -5.027416 0.283844 1.037551 0.941691 -0.334796 -0.018615 -0.027989
1782119939.690934658 -4.970049 0.254564 1.038344 0.938857 -0.342742 -0.017970 -0.027446
1782119939.790863752 -4.911400 0.226038 1.039398 0.936978 -0.347864 -0.018731 -0.026672
1782119939.890680313 -4.851866 0.197451 1.040580 0.934847 -0.353640 -0.017380 -0.026405
1782119939.990954876 -4.788744 0.165627 1.041546 0.931885 -0.361230 -0.018604 -0.027524
1782119940.090594530 -4.726938 0.135696 1.043287 0.926950 -0.373884 -0.014361 -0.027704
1782119940.190746307 -4.663407 0.103664 1.044602 0.922104 -0.385678 -0.014595 -0.027614
1782119940.290714741 -4.599948 0.069787 1.046152 0.917518 -0.396300 -0.017117 -0.028539
1782119940.390631199 -4.543141 0.037380 1.047626 0.914018 -0.404395 -0.013392 -0.029263
1782119940.490700483 -4.480539 0.003658 1.048916 0.910924 -0.411211 -0.016605 -0.029097
1782119940.590663433 -4.421787 -0.030372 1.050503 0.906914 -0.419990 -0.015105 -0.029775
1782119940.690864325 -4.359225 -0.065580 1.052144 0.902589 -0.429195 -0.016651 -0.029123
1782119940.790662766 -4.304429 -0.101333 1.053674 0.897227 -0.440377 -0.012467 -0.029956
1782119940.890963316 -4.245788 -0.139441 1.055188 0.892951 -0.448856 -0.016592 -0.029858
1782119940.990586758 -4.194667 -0.176142 1.056748 0.887884 -0.458898 -0.012426 -0.030319
1782119941.090745449 -4.136463 -0.215322 1.057216 0.883519 -0.467148 -0.016445 -0.029924
1782119941.190717459 -4.084537 -0.250681 1.058209 0.877278 -0.478923 -0.012221 -0.029451
1782119941.290824890 -4.025761 -0.291856 1.057953 0.870060 -0.491802 -0.015984 -0.029522
1782119941.390666723 -3.972923 -0.331916 1.057693 0.859507 -0.510165 -0.010843 -0.029367
1782119941.490654230 -3.916360 -0.379067 1.057594 0.849879 -0.525868 -0.014999 -0.030722
1782119941.590836287 -3.867733 -0.423356 1.058020 0.838149 -0.544468 -0.010394 -0.030878
1782119941.690675020 -3.815919 -0.469918 1.058330 0.827479 -0.560478 -0.013088 -0.031181
1782119941.790652037 -3.768165 -0.517283 1.059303 0.815641 -0.577538 -0.011414 -0.032412
1782119941.890763998 -3.717488 -0.565690 1.060232 0.806109 -0.590744 -0.012931 -0.032305
1782119941.990759850 -3.668287 -0.613879 1.061059 0.799245 -0.600045 -0.010763 -0.032222
1782119942.090982437 -3.620417 -0.660598 1.061816 0.794190 -0.606773 -0.008846 -0.031782
1782119942.190832376 -3.571150 -0.709511 1.062206 0.790981 -0.610892 -0.010887 -0.032267
1782119942.290700436 -3.525945 -0.756667 1.062488 0.787771 -0.615060 -0.008125 -0.032434
1782119942.390638113 -3.476278 -0.806801 1.062549 0.785838 -0.617505 -0.010882 -0.032039
1782119942.490810156 -3.431607 -0.855597 1.062666 0.783387 -0.620647 -0.008779 -0.032016
1782119942.590721846 -3.382901 -0.909157 1.062823 0.780603 -0.624079 -0.011472 -0.032438
1782119942.690941334 -3.340872 -0.960046 1.063299 0.777714 -0.627724 -0.007958 -0.032558
1782119942.790595531 -3.294236 -1.015401 1.063365 0.774596 -0.631428 -0.014042 -0.033209
1782119942.890733004 -3.255484 -1.063708 1.063859 0.769046 -0.638396 -0.007628 -0.030984
1782119942.990670919 -3.213411 -1.120276 1.063588 0.763914 -0.644368 -0.012679 -0.032618
1782119943.090895653 -3.177684 -1.169676 1.063566 0.757187 -0.652454 -0.007543 -0.030240
1782119943.190670729 -3.141254 -1.225648 1.063084 0.751729 -0.658591 -0.011434 -0.032103
1782119943.290909290 -3.109600 -1.276180 1.062916 0.745602 -0.665651 -0.007227 -0.030546
1782119943.389860153 -3.078594 -1.328821 1.062627 0.742697 -0.668835 -0.009937 -0.031021
1782119943.490804911 -3.049442 -1.378293 1.062493 0.739519 -0.672433 -0.007589 -0.029799
1782119943.590713263 -3.019744 -1.432802 1.062191 0.737429 -0.674574 -0.011268 -0.031973
1782119943.690793037 -2.991697 -1.482803 1.061790 0.734637 -0.677714 -0.008165 -0.030752
1782119943.790723324 -2.960791 -1.540317 1.061023 0.731621 -0.680842 -0.011547 -0.032427
1782119943.890648603 -2.929344 -1.596483 1.060354 0.725159 -0.687803 -0.009232 -0.031400
1782119943.990849733 -2.898347 -1.659344 1.059527 0.719359 -0.693764 -0.010090 -0.033348
1782119944.090699196 -2.869908 -1.719039 1.058980 0.714073 -0.699258 -0.008786 -0.032554
1782119944.190667152 -2.844098 -1.780001 1.057737 0.711804 -0.701492 -0.009738 -0.033898
1782119944.290734768 -2.819129 -1.838445 1.056566 0.711400 -0.701912 -0.009434 -0.033767
1782119944.390685081 -2.795336 -1.897211 1.055196 0.710008 -0.703259 -0.009985 -0.034854
1782119944.490963459 -2.772768 -1.955660 1.053894 -0.706199 0.707129 0.008273 0.034380
1782119944.590804100 -2.750982 -2.016820 1.052252 -0.698991 0.714246 0.008695 0.034490
1782119944.690712929 -2.733256 -2.077788 1.050456 -0.691326 0.721714 0.005644 0.034119
1782119944.790644646 -2.715197 -2.142740 1.048221 -0.683358 0.729176 0.008175 0.035470
1782119944.890617132 -2.701165 -2.203725 1.046946 -0.673560 0.738341 0.003907 0.033973
1782119944.990760803 -2.686096 -2.269975 1.044407 -0.664959 0.746040 0.006081 0.034878
1782119945.090965986 -2.671761 -2.336079 1.043219 -0.654491 0.755273 0.004777 0.034368
1782119945.190952778 -2.655608 -2.405655 1.042199 -0.642892 0.765175 0.005690 0.034116
1782119945.290710449 -2.641872 -2.475740 1.042982 -0.629920 0.775878 0.005137 0.034453
1782119945.390567780 -2.631415 -2.542341 1.042404 -0.618762 0.784787 0.004135 0.034997
1782119945.490858078 -2.619285 -2.612578 1.041312 -0.609137 0.792282 0.005331 0.034821
1782119945.590656519 -2.609292 -2.681450 1.040255 -0.599573 0.799551 0.005271 0.034681
1782119945.690607071 -2.600324 -2.752403 1.039328 -0.591299 0.805691 0.005350 0.034636
1782119945.790871382 -2.591216 -2.822466 1.038262 -0.584999 0.810319 0.003765 0.033834
1782119945.890865088 -2.581836 -2.896375 1.036841 -0.580364 0.813597 0.004969 0.034830
1782119945.990826130 -2.574203 -2.963366 1.035379 -0.575865 0.816887 0.001474 0.032754
1782119946.090842009 -2.566294 -3.036534 1.033447 -0.572725 0.818953 0.005150 0.035719
1782119946.190640688 -2.556219 -3.103062 1.032439 -0.568884 0.821783 0.002226 0.032213
1782119946.290610075 -2.547502 -3.174545 1.030369 -0.567038 0.822943 0.004208 0.034867
1782119946.390900373 -2.537402 -3.248319 1.028758 -0.565031 0.824302 0.004170 0.035337
1782119946.490728617 -2.528026 -3.324203 1.026843 -0.560743 0.827232 0.002918 0.035299
1782119946.590671778 -2.518449 -3.400760 1.025085 -0.557428 0.829460 0.003867 0.035415
1782119946.690835238 -2.510230 -3.474770 1.023313 -0.553831 0.831851 0.004233 0.035739
1782119946.790935040 -2.502622 -3.546165 1.021064 -0.550137 0.834280 0.005231 0.036033
1782119946.890812874 -2.496301 -3.615261 1.019049 -0.546638 0.836576 0.005465 0.036028
1782119946.990791559 -2.490164 -3.682872 1.016870 -0.541982 0.839608 0.005837 0.035777
1782119947.090662241 -2.483427 -3.749857 1.015352 -0.536297 0.843305 0.005377 0.034551
1782119947.190625906 -2.478350 -3.813853 1.013405 -0.529397 0.847749 0.003239 0.032420
1782119947.290863514 -2.472731 -3.884285 1.011013 -0.521905 0.852306 0.006830 0.033808
1782119947.390680075 -2.468875 -3.946292 1.009684 -0.507045 0.861380 0.001711 0.030447
1782119947.490681887 -2.464314 -4.014504 1.008354 -0.489577 0.871360 0.004387 0.032058
1782119947.590791941 -2.463520 -4.075910 1.007142 -0.462756 0.885957 -0.001018 0.030604
1782119947.690797329 -2.462157 -4.145734 1.005850 -0.429825 0.902364 0.000337 0.031450
1782119947.790855646 -2.462112 -4.210154 1.004664 -0.391081 0.919893 -0.003757 0.028958
1782119947.890769005 -2.466177 -4.277249 1.003147 -0.352378 0.935313 -0.003098 0.031780
1782119947.989866018 -2.468668 -4.336851 1.002296 -0.317400 0.947847 -0.005524 0.028519
1782119948.090621233 -2.476042 -4.398531 1.000609 -0.288417 0.956997 -0.006055 0.030596
1782119948.190646410 -2.482187 -4.456923 0.999626 -0.264312 0.963971 -0.007636 0.028979
1782119948.290645838 -2.491230 -4.516042 0.998310 -0.246739 0.968608 -0.007432 0.029386
1782119948.390015364 -2.501220 -4.573617 0.997501 -0.235216 0.971472 -0.008595 0.029017
1782119948.490865946 -2.511926 -4.630988 0.996783 -0.224983 0.973866 -0.006992 0.030324
1782119948.590837002 -2.523076 -4.684805 0.996148 -0.215088 0.976122 -0.008678 0.029103
1782119948.690706968 -2.536651 -4.740013 0.994172 -0.205195 0.978212 -0.006382 0.030903
1782119948.789862871 -2.549494 -4.792661 0.991488 -0.195414 0.980251 -0.007651 0.029368
1782119948.890738964 -2.568057 -4.853008 0.987642 -0.184209 0.982360 -0.005149 0.031764
1782119948.990635395 -2.586280 -4.910490 0.983871 -0.171043 0.984777 -0.006253 0.030339
1782119949.090856552 -2.609416 -4.969881 0.980287 -0.155403 0.987352 -0.004742 0.031050
1782119949.190699100 -2.636805 -5.025831 0.976265 -0.137600 0.989981 -0.006824 0.030937
1782119949.290631533 -2.671223 -5.079484 0.973525 -0.112720 0.993086 -0.005960 0.032227
1782119949.390909910 -2.707384 -5.125714 0.971108 -0.083782 0.996016 -0.008171 0.029443
1782119949.490882158 -2.753058 -5.168331 0.968683 -0.050155 0.998236 -0.008391 0.030658
1782119949.590642691 -2.801037 -5.204364 0.966209 -0.012104 0.999479 -0.010739 0.027928
1782119949.690836191 -2.856233 -5.237368 0.963861 0.026145 0.999202 -0.012092 0.027665
1782119949.790756702 -2.913234 -5.266296 0.961559 0.059123 0.997800 -0.013680 0.026697
1782119949.890609741 -2.973289 -5.292894 0.959700 0.085360 0.995895 -0.012663 0.027339
1782119949.990893364 -3.033040 -5.309492 0.957422 0.108644 0.993598 -0.015571 0.026793
1782119950.090729952 -3.093006 -5.324191 0.955691 0.131698 0.990830 -0.015515 0.025921
1782119950.190621138 -3.155891 -5.331624 0.953715 0.153386 0.987683 -0.017110 0.025717
1782119950.290885687 -3.220982 -5.335122 0.951621 0.171482 0.984685 -0.018109 0.025717
1782119950.390910149 -3.286602 -5.334991 0.949615 0.183979 0.982426 -0.018457 0.025509
1782119950.490862131 -3.353673 -5.333903 0.947636 0.191622 0.980977 -0.018539 0.024923
1782119950.590778112 -3.421769 -5.330860 0.945469 0.195270 0.980239 -0.018299 0.025798
1782119950.690685272 -3.488858 -5.326535 0.943544 0.196575 0.979966 -0.018073 0.026428
1782119950.790762901 -3.557864 -5.320898 0.941840 0.194784 0.980302 -0.018013 0.027259
1782119950.890901566 -3.626148 -5.312975 0.939774 0.189886 0.981279 -0.018417 0.026383
1782119950.990681171 -3.693402 -5.303728 0.938241 0.178209 0.983488 -0.017543 0.026168
1782119951.090635300 -3.760024 -5.290299 0.936785 0.165825 0.985629 -0.018852 0.026120
1782119951.190876961 -3.827079 -5.277077 0.935483 0.150421 0.988102 -0.017765 0.026694
1782119951.290789127 -3.895209 -5.263085 0.934378 0.136971 0.990057 -0.017583 0.026760
1782119951.390655041 -3.965909 -5.250312 0.933013 0.124370 0.991709 -0.016375 0.027873
1782119951.490867615 -4.038054 -5.235854 0.931621 0.114717 0.992879 -0.016407 0.027614
1782119951.590827942 -4.106936 -5.219813 0.930103 0.105090 0.993993 -0.017034 0.025358
1782119951.690612793 -4.178928 -5.205309 0.927343 0.095278 0.994892 -0.016108 0.029182
1782119951.790882826 -4.242884 -5.189586 0.925292 0.085157 0.995901 -0.016909 0.025359
1782119951.890707731 -4.311005 -5.175799 0.921916 0.076381 0.996493 -0.016401 0.029971
1782119951.990746021 -4.375698 -5.163543 0.919227 0.068205 0.997147 -0.016044 0.028071
1782119952.090638161 -4.443051 -5.152057 0.915743 0.059878 0.997669 -0.015571 0.028797
1782119952.190757275 -4.509369 -5.139617 0.912251 0.051635 0.998175 -0.016086 0.026852
1782119952.290738344 -4.572939 -5.128690 0.908951 0.041010 0.998703 -0.015344 0.025979
1782119952.390906572 -4.636475 -5.116929 0.905450 0.028176 0.999143 -0.015749 0.025900
1782119952.490766048 -4.696580 -5.107358 0.901118 0.016500 0.999435 -0.015123 0.025075
1782119952.590652943 -4.758778 -5.098723 0.897387 0.006559 0.999505 -0.015001 0.026868
1782119952.690894127 -4.821997 -5.091153 0.895410 -0.002373 0.999542 -0.014169 0.026642
1782119952.790783167 -4.887147 -5.083564 0.893293 -0.009457 0.999499 -0.014515 0.026499
1782119952.890639544 -4.951061 -5.076351 0.892338 -0.014991 0.999447 -0.013704 0.026310
1782119952.989905596 -5.011213 -5.068631 0.888898 -0.019497 0.999342 -0.014592 0.026876
1782119953.090848684 -5.069760 -5.060243 0.887037 -0.024469 0.999259 -0.015560 0.025293
1782119953.190992355 -5.129113 -5.051632 0.885715 -0.029762 0.999064 -0.015814 0.027117
1782119953.290871382 -5.185172 -5.046269 0.882403 -0.036232 0.998832 -0.016671 0.027277
1782119953.390670776 -5.244791 -5.041665 0.879889 -0.042354 0.998550 -0.017033 0.028530
1782119953.490673542 -5.304845 -5.035818 0.877379 -0.048392 0.998256 -0.018767 0.028129
1782119953.590853453 -5.363048 -5.028914 0.875206 -0.055821 0.997840 -0.020297 0.028067
1782119953.690729856 -5.420954 -5.021961 0.873461 -0.064777 0.997267 -0.020945 0.028689
1782119953.790683985 -5.476532 -5.012325 0.872208 -0.074870 0.996507 -0.022063 0.029683
1782119953.890781879 -5.532745 -5.003371 0.870049 -0.085559 0.995618 -0.021283 0.031159
1782119953.991026878 -5.591011 -4.988692 0.868225 -0.095899 0.994586 -0.023999 0.032035
1782119954.090636730 -5.650730 -4.973468 0.865441 -0.102757 0.993835 -0.024087 0.033946
1782119954.190785170 -5.710534 -4.955985 0.866061 -0.108906 0.993147 -0.025059 0.034201
1782119954.290705919 -5.770505 -4.937284 0.864260 -0.116100 0.992178 -0.025578 0.038073
1782119954.390690088 -5.827646 -4.916427 0.863420 -0.127161 0.990842 -0.027599 0.036050
1782119954.490743399 -5.889784 -4.896862 0.861491 -0.140089 0.988959 -0.026935 0.040123
1782119954.590666533 -5.947385 -4.878650 0.861454 -0.158428 0.986305 -0.026633 0.037323
1782119954.690709352 -6.006007 -4.857978 0.860881 -0.179062 0.982776 -0.026445 0.037268
1782119954.790918589 -6.059937 -4.836411 0.861983 -0.201827 0.978415 -0.023447 0.037678
1782119954.890881538 -6.105082 -4.811047 0.861741 -0.228546 0.972660 -0.019012 0.036568
1782119954.990859032 -6.139123 -4.784152 0.861850 -0.253920 0.966511 -0.012116 0.035125
1782119955.090950489 -6.161857 -4.754534 0.861688 -0.279892 0.959343 -0.003307 0.036202
1782119955.190681219 -6.171627 -4.723964 0.861656 -0.310388 0.949965 0.002295 0.034938
1782119955.290930748 -6.171910 -4.695487 0.866618 -0.355553 0.934027 0.005285 0.033867
1782119955.389908552 -6.160580 -4.670928 0.865589 -0.416578 0.908459 0.011464 0.032166
1782119955.490683079 -6.146391 -4.645101 0.867254 -0.473335 0.880117 0.012752 0.034431
1782119955.590944529 -6.122590 -4.623711 0.868930 -0.519803 0.853430 0.015373 0.035018
1782119955.690782547 -6.092973 -4.605059 0.870759 -0.561050 0.826899 0.016219 0.034614
1782119955.790684700 -6.059775 -4.590742 0.872487 -0.599145 0.799630 0.017588 0.036150
1782119955.890613079 -6.023731 -4.578256 0.873395 -0.635426 0.771119 0.017106 0.036281
1782119955.990835428 -5.984239 -4.566808 0.876799 -0.671702 0.739620 0.018163 0.038052
1782119956.090883017 -5.942318 -4.559380 0.877214 0.707083 -0.705870 -0.016146 -0.038989
1782119956.190625429 -5.895377 -4.556610 0.879076 0.743547 -0.667402 -0.016570 -0.037925
1782119956.290853024 -5.847133 -4.554017 0.880588 0.778974 -0.625781 -0.015122 -0.037004
1782119956.390898943 -5.794941 -4.550500 0.882113 0.813726 -0.580044 -0.014398 -0.034523
1782119956.490685225 -5.740495 -4.547827 0.882027 0.847934 -0.528978 -0.014770 -0.031186
1782119956.589926243 -5.689398 -4.543630 0.881556 0.880639 -0.472748 -0.012831 -0.028634
1782119956.690768957 -5.634037 -4.536265 0.882154 0.909669 -0.414252 -0.014813 -0.026041
1782119956.790668726 -5.581697 -4.527506 0.884291 0.935146 -0.353071 -0.016035 -0.024215
1782119956.890881300 -5.530794 -4.516018 0.886172 0.956355 -0.290863 -0.017167 -0.022112
1782119956.990768194 -5.480820 -4.504144 0.887666 0.972554 -0.230813 -0.020198 -0.021342
1782119957.090657949 -5.434312 -4.491520 0.889140 0.982846 -0.182142 -0.020042 -0.020892
1782119957.189891577 -5.386755 -4.478686 0.891444 0.988227 -0.150165 -0.021999 -0.019343
1782119957.290764332 -5.339708 -4.466965 0.892726 0.989963 -0.138219 -0.020576 -0.021095
1782119957.390992165 -5.287974 -4.455726 0.895102 0.990614 -0.133159 -0.022988 -0.020600
1782119957.490630150 -5.235805 -4.447482 0.896944 0.990650 -0.132989 -0.021993 -0.021045
1782119957.590752363 -5.177605 -4.441564 0.898900 0.990691 -0.132445 -0.023129 -0.021341
1782119957.690824270 -5.119197 -4.437197 0.900357 0.990746 -0.132025 -0.021871 -0.022671
1782119957.790652990 -5.057202 -4.436961 0.902521 0.990869 -0.130721 -0.023084 -0.023640
1782119957.890783787 -4.995468 -4.438758 0.904324 0.991155 -0.128728 -0.021462 -0.024094
1782119957.989975691 -4.934465 -4.443515 0.906802 0.991867 -0.123168 -0.020348 -0.024818
1782119958.090793133 -4.869353 -4.448794 0.908363 0.992723 -0.115599 -0.020965 -0.026445
1782119958.190768003 -4.806258 -4.457980 0.910650 0.993527 -0.108037 -0.020417 -0.028553
1782119958.290609360 -4.742785 -4.467688 0.912255 0.994153 -0.101254 -0.021368 -0.030828
1782119958.390727043 -4.679478 -4.479389 0.914812 0.994859 -0.093491 -0.020442 -0.033134
1782119958.490772963 -4.615741 -4.492721 0.917181 0.995610 -0.084051 -0.020932 -0.035458
1782119958.590660572 -4.552771 -4.507574 0.919535 0.996340 -0.074175 -0.021060 -0.036886
1782119958.690696955 -4.494519 -4.524246 0.921340 0.996929 -0.065778 -0.018952 -0.038046
1782119958.790922642 -4.432003 -4.546248 0.922659 0.997254 -0.059049 -0.021922 -0.038939
1782119958.890036345 -4.371971 -4.575507 0.923962 0.997448 -0.055036 -0.020094 -0.040804
1782119958.989944220 -4.308259 -4.608355 0.925346 0.997765 -0.049846 -0.019905 -0.039795
1782119959.090825319 -4.240702 -4.649826 0.926834 0.997850 -0.047343 -0.020427 -0.040459
1782119959.190807104 -4.171797 -4.695561 0.925895 0.998071 -0.044712 -0.020412 -0.037915
1782119959.290767670 -4.103933 -4.749195 0.929975 0.998308 -0.043087 -0.019427 -0.033875
1782119959.390798092 -4.035858 -4.810561 0.931112 0.998539 -0.038748 -0.022439 -0.030249
1782119959.490761518 -3.972255 -4.870995 0.933507 0.998921 -0.035049 -0.021531 -0.021538
1782119959.590680122 -3.906286 -4.936060 0.935862 0.999031 -0.033807 -0.023769 -0.015135
1782119959.690908670 -3.839823 -4.997333 0.940797 0.999166 -0.032443 -0.023069 -0.009093
1782119959.790680885 -3.770396 -5.055529 0.944469 0.999206 -0.031704 -0.023579 -0.005078
1782119959.889914274 -3.703167 -5.110070 0.949135 0.999321 -0.029458 -0.021837 -0.003580
1782119959.990728855 -3.633941 -5.156310 0.950102 0.999296 -0.028669 -0.024193 -0.000672
1782119960.090790749 -3.569708 -5.200863 0.951031 0.999380 -0.028438 -0.020689 -0.001396
1782119960.190804005 -3.498655 -5.236885 0.949740 0.999287 -0.027947 -0.025379 -0.000608
1782119960.290835381 -3.427837 -5.268917 0.951298 0.999315 -0.028892 -0.022954 -0.002648
1782119960.391014338 -3.350145 -5.294256 0.950571 0.999233 -0.030961 -0.023709 -0.003699
1782119960.490831375 -3.274090 -5.313823 0.949236 0.999236 -0.031758 -0.022171 -0.005167
1782119960.590827227 -3.201580 -5.331543 0.950181 0.999187 -0.031035 -0.024286 -0.008544
1782119960.690677643 -3.130352 -5.343257 0.951720 0.999169 -0.030253 -0.025497 -0.009825
1782119960.790839434 -3.061593 -5.354471 0.953126 0.999160 -0.030163 -0.024895 -0.012213
1782119960.890874147 -2.991026 -5.359691 0.954482 0.999105 -0.030378 -0.026733 -0.012317
1782119960.990819454 -2.929039 -5.364869 0.953610 0.998990 -0.028726 -0.027260 -0.021213
1782119961.090818405 -2.861337 -5.368501 0.955841 0.999050 -0.026652 -0.026491 -0.022072
1782119961.190898180 -2.795162 -5.371524 0.958577 0.999121 -0.024654 -0.025071 -0.022801
1782119961.290658236 -2.728450 -5.372741 0.961364 0.999098 -0.024527 -0.025653 -0.023332
1782119961.389930964 -2.662872 -5.372934 0.963984 0.999078 -0.026039 -0.024404 -0.023850
1782119961.490720272 -2.593780 -5.372349 0.966753 0.998871 -0.033162 -0.023661 -0.024443
1782119961.590762138 -2.521189 -5.371610 0.969907 0.998611 -0.039887 -0.024076 -0.024592
1782119961.690818071 -2.444719 -5.370662 0.973484 0.998257 -0.047877 -0.024053 -0.024743
1782119961.790715694 -2.368942 -5.370275 0.976422 0.997852 -0.055937 -0.023342 -0.024868
1782119961.890709639 -2.293285 -5.370416 0.979103 0.997545 -0.061233 -0.023067 -0.024939
1782119961.990897179 -2.221448 -5.373754 0.981723 0.997156 -0.066930 -0.022294 -0.026508
1782119962.090701580 -2.149651 -5.375111 0.983606 0.996876 -0.070318 -0.025167 -0.025698
1782119962.190697908 -2.081621 -5.380907 0.985867 0.996701 -0.072419 -0.023836 -0.027815
1782119962.290947437 -2.012439 -5.384684 0.987680 0.996563 -0.074216 -0.024898 -0.027081
1782119962.390875101 -1.943378 -5.390162 0.989342 0.996438 -0.075870 -0.024739 -0.027244
1782119962.490887165 -1.874555 -5.395903 0.990664 0.996455 -0.075706 -0.024456 -0.027343
1782119962.590816975 -1.807993 -5.401855 0.992163 0.996489 -0.075124 -0.025414 -0.026850
1782119962.690791130 -1.746352 -5.408700 0.993788 0.996653 -0.073343 -0.023444 -0.027442
1782119962.790958643 -1.680254 -5.414519 0.995116 0.996670 -0.072180 -0.026588 -0.027071
1782119962.890911818 -1.615353 -5.421064 0.996914 0.996673 -0.072763 -0.024105 -0.027706
1782119962.990737438 -1.543755 -5.427068 0.998392 0.996633 -0.073760 -0.025011 -0.025612
1782119963.090732336 -1.473558 -5.438623 1.000311 0.996692 -0.073107 -0.022385 -0.027560
1782119963.190890312 -1.401114 -5.450153 1.001899 0.996747 -0.071974 -0.024225 -0.026972
1782119963.290780783 -1.331763 -5.464796 1.003475 0.996974 -0.068979 -0.022943 -0.027550
1782119963.390722513 -1.267350 -5.479859 1.004542 0.997577 -0.060042 -0.021335 -0.027918
1782119963.490844727 -1.201882 -5.493159 1.006051 0.998113 -0.049904 -0.023521 -0.026955
1782119963.591129541 -1.140341 -5.508769 1.007357 0.998586 -0.040570 -0.021160 -0.027059
1782119963.690663815 -1.074461 -5.525447 1.009639 0.998844 -0.030814 -0.024287 -0.027755
1782119963.790839672 -1.011104 -5.541440 1.010690 0.999162 -0.019635 -0.022453 -0.028022
1782119963.890795708 -0.948079 -5.555999 1.012294 0.999333 -0.009670 -0.022263 -0.027295
1782119963.990706444 -0.887234 -5.570815 1.014587 0.999360 0.001195 -0.023334 -0.027097
1782119964.090821266 -0.829299 -5.586296 1.016066 0.999258 0.015154 -0.023006 -0.026903
1782119964.190883160 -0.773740 -5.598632 1.017763 0.999016 0.028248 -0.022317 -0.025905
1782119964.290740013 -0.717791 -5.612089 1.019512 0.998587 0.039883 -0.023621 -0.025980
1782119964.391201973 -0.663998 -5.621876 1.022057 0.998106 0.051817 -0.022148 -0.024666
1782119964.490868568 -0.611366 -5.628573 1.023965 0.997335 0.064969 -0.022197 -0.024678
1782119964.590677500 -0.562049 -5.626518 1.026277 0.996174 0.081503 -0.022344 -0.022247
1782119964.690853834 -0.512132 -5.620378 1.028426 0.994819 0.096283 -0.024514 -0.021551
1782119964.790798426 -0.467802 -5.609635 1.031181 0.993368 0.110873 -0.021317 -0.021764
1782119964.890910387 -0.421693 -5.590496 1.033356 0.991531 0.125971 -0.024912 -0.019401
1782119964.990812540 -0.381037 -5.570091 1.036144 0.990272 0.135807 -0.022924 -0.019804
1782119965.090754271 -0.336409 -5.543006 1.038903 0.988950 0.144929 -0.025327 -0.018205
1782119965.190684080 -0.294311 -5.516495 1.041421 0.988637 0.147208 -0.023274 -0.019639
1782119965.290948868 -0.252571 -5.487447 1.044286 0.988287 0.149618 -0.023349 -0.018940
1782119965.390812635 -0.212346 -5.460324 1.046615 0.987303 0.155742 -0.024799 -0.019055
1782119965.490680456 -0.171906 -5.429842 1.049407 0.986266 0.162357 -0.023274 -0.019463
1782119965.590767384 -0.128361 -5.392581 1.052450 0.984867 0.170579 -0.025180 -0.017465
1782119965.690758228 -0.086487 -5.354751 1.055251 0.983407 0.178952 -0.022795 -0.019143
1782119965.790747643 -0.044683 -5.311629 1.058548 0.981482 0.189331 -0.022830 -0.018050
1782119965.890793562 -0.005419 -5.267027 1.061405 0.978360 0.204830 -0.023026 -0.018084
1782119965.990868330 0.033021 -5.217268 1.064559 0.974863 0.220856 -0.024411 -0.016395
1782119966.090706110 0.071210 -5.166464 1.068031 0.971185 0.236504 -0.023320 -0.017914
1782119966.190883160 0.109018 -5.108317 1.071683 0.966566 0.254750 -0.024068 -0.016526
1782119966.290827990 0.142846 -5.049136 1.075647 0.960550 0.276649 -0.023269 -0.016380
1782119966.390717745 0.173801 -4.987624 1.079321 0.953301 0.300730 -0.022983 -0.015817
1782119966.490758419 0.203346 -4.920562 1.083175 0.945357 0.324859 -0.024598 -0.012736
1782119966.590698957 0.229364 -4.856265 1.087833 0.937728 0.346395 -0.021554 -0.014582
1782119966.690973759 0.256590 -4.787223 1.091801 0.930118 0.366204 -0.025338 -0.011514
1782119966.790813446 0.278556 -4.723900 1.095854 0.924642 0.379996 -0.022300 -0.011966
1782119966.890888453 0.303627 -4.661855 1.100057 0.919301 0.392705 -0.023408 -0.010976
1782119966.990697384 0.326958 -4.598682 1.103765 0.914663 0.403383 -0.024388 -0.008842
1782119967.090784073 0.349263 -4.537431 1.107596 0.910589 0.412553 -0.023257 -0.009266
1782119967.190815926 0.369841 -4.472030 1.111387 0.907153 0.420045 -0.024212 -0.007070
1782119967.290675640 0.389147 -4.407073 1.115107 0.904181 0.426434 -0.023225 -0.008418
1782119967.389956236 0.409082 -4.336985 1.118705 0.901012 0.433028 -0.024917 -0.006610
1782119967.490823507 0.428537 -4.268768 1.122101 0.897272 0.440772 -0.023353 -0.008781
1782119967.591223478 0.446564 -4.202329 1.125940 0.891754 0.451840 -0.023164 -0.008818
1782119967.691031456 0.466223 -4.133628 1.130126 0.884734 0.465342 -0.025434 -0.007490
1782119967.790892839 0.483873 -4.070620 1.134192 0.875837 0.481980 -0.022685 -0.009513
1782119967.890932560 0.504325 -4.003205 1.135989 0.864638 0.501702 -0.025475 -0.006908
1782119967.989941359 0.522144 -3.941003 1.139978 0.852850 0.521598 -0.022916 -0.007566
1782119968.090885162 0.544278 -3.872254 1.143182 0.842555 0.538018 -0.024689 -0.005331
1782119968.190932512 0.565738 -3.805382 1.146602 0.833446 0.552088 -0.023272 -0.005035
1782119968.290780067 0.588427 -3.742525 1.150521 0.822969 0.567631 -0.021768 -0.006575
1782119968.390708923 0.610971 -3.677352 1.153887 0.812656 0.582278 -0.022862 -0.004462
1782119968.490717649 0.632143 -3.613886 1.157901 0.801459 0.597642 -0.021506 -0.004985
1782119968.590797901 0.652030 -3.546761 1.161922 0.789867 0.612891 -0.021323 -0.004581
1782119968.690751553 0.670192 -3.477269 1.166054 0.778612 0.627160 -0.020428 -0.004090
1782119968.790753126 0.689158 -3.406036 1.170356 0.769362 0.638469 -0.020438 -0.004653
1782119968.890736580 0.707925 -3.336846 1.175094 0.763362 0.645641 -0.020162 -0.004510
1782119968.990891457 0.727282 -3.271470 1.179177 0.758153 0.651781 -0.019298 -0.003757
1782119969.090922832 0.748284 -3.208129 1.183770 0.753102 0.657632 -0.018120 -0.005383
1782119969.190885305 0.767107 -3.145752 1.188523 0.749815 0.661386 -0.018334 -0.003183
1782119969.290757895 0.787036 -3.089183 1.192458 0.746965 0.664627 -0.017042 -0.004814
1782119969.391008377 0.804961 -3.029805 1.196327 0.747062 0.664505 -0.018143 -0.001538
1782119969.490797281 0.824908 -2.973710 1.200437 0.749019 0.662308 -0.017678 -0.002502
1782119969.590739489 0.842135 -2.919813 1.204016 0.749806 0.661429 -0.017332 -0.001294
1782119969.690956116 0.859552 -2.866256 1.207314 0.751799 0.659107 -0.019400 -0.000279
1782119969.790842056 0.873229 -2.817388 1.209476 0.753743 0.656867 -0.019946 -0.000257
1782119969.890790224 0.885236 -2.765587 1.211767 0.758088 0.651772 -0.022167 0.001917
1782119969.990736723 0.895761 -2.711845 1.213252 0.761452 0.647790 -0.023496 0.002632
1782119970.090791225 0.903320 -2.652106 1.217092 0.762121 0.646913 -0.025553 0.004715
1782119970.190861940 0.909253 -2.594122 1.219314 0.762625 0.646350 -0.024952 0.003543
1782119970.289991140 0.914023 -2.536701 1.222752 0.760980 0.648185 -0.027153 0.005314
1782119970.389958858 0.918171 -2.483133 1.225025 0.760360 0.648970 -0.026058 0.003342
1782119970.490780592 0.922548 -2.427036 1.227740 0.757195 0.652605 -0.027210 0.004595
1782119970.590754986 0.926897 -2.374066 1.230716 0.755237 0.654901 -0.026797 0.001952
1782119970.690966606 0.928431 -2.318503 1.235264 0.750949 0.659792 -0.027273 0.002537
1782119970.790920258 0.928827 -2.265460 1.237749 0.747698 0.663558 -0.025279 -0.000435
1782119970.890735149 0.927318 -2.208420 1.241762 0.742659 0.669185 -0.025443 -0.001426
1782119970.990785599 0.923389 -2.155227 1.243970 0.734731 0.677911 -0.024620 -0.000732
1782119971.090818405 0.914141 -2.107261 1.249206 0.726652 0.686660 -0.021580 -0.003073
1782119971.189982176 0.897777 -2.062071 1.254162 0.713096 0.700726 -0.021580 0.003568
1782119971.290816069 0.877274 -2.025708 1.259960 0.698132 0.715719 -0.018825 0.002038
1782119971.390820742 0.846439 -1.989201 1.264606 0.672857 0.739557 -0.017035 0.005297
1782119971.490843773 0.805051 -1.959979 1.270718 0.640161 0.768053 -0.014656 0.008588
1782119971.590925932 0.759160 -1.938856 1.278111 0.595880 0.802928 -0.012382 0.009017
1782119971.690831661 0.707297 -1.927678 1.286258 0.541809 0.840364 -0.009771 0.011692
1782119971.790724039 0.654897 -1.924481 1.294484 0.484426 0.874673 -0.009858 0.013487
1782119971.890764475 0.602373 -1.933702 1.303144 0.424117 0.905462 -0.008946 0.013567
1782119971.990742683 0.549164 -1.953978 1.312504 0.370047 0.928876 -0.007236 0.014247
1782119972.090701818 0.499683 -1.982720 1.320911 0.314810 0.949065 -0.006610 0.011297
1782119972.190806389 0.451976 -2.019475 1.328510 0.263478 0.964641 -0.003957 0.005681
1782119972.290741682 0.407180 -2.059226 1.333704 0.211951 0.977272 -0.003206 0.002259
1782119972.390750647 0.368680 -2.109064 1.335886 0.159278 0.987234 0.000271 0.000038
1782119972.490739584 0.336173 -2.161589 1.334964 0.106785 0.994277 0.003142 0.000357
1782119972.590889692 0.313727 -2.218148 1.330752 0.053949 0.998529 0.004705 0.002753
1782119972.690748692 0.296082 -2.278154 1.322398 0.003693 0.999946 0.005347 0.008166
1782119972.790831327 0.286034 -2.337679 1.309242 -0.045644 0.998876 0.003581 0.012290
1782119972.890734196 0.279794 -2.400858 1.298110 -0.091496 0.995610 0.005344 0.019013
1782119972.990063667 0.281511 -2.461402 1.283698 -0.135685 0.990528 0.004165 0.020642
1782119973.090888977 0.285490 -2.525307 1.270694 -0.180019 0.983385 0.005647 0.022711
1782119973.190827131 0.291219 -2.586885 1.259087 -0.224042 0.974212 0.005019 0.026302
1782119973.290716410 0.303479 -2.650636 1.245403 -0.267085 0.963266 0.005545 0.027464
1782119973.390838623 0.317342 -2.715513 1.233811 -0.309097 0.950498 0.005611 0.031307
1782119973.490895510 0.337099 -2.781239 1.222751 -0.349521 0.936313 0.005891 0.033434
1782119973.589973688 0.358091 -2.847433 1.213306 -0.387836 0.920970 0.006171 0.036872
1782119973.690805674 0.382277 -2.914096 1.204815 -0.419407 0.907039 0.005886 0.036658
1782119973.790810108 0.403095 -2.981404 1.197014 -0.444948 0.894661 0.007486 0.039335
1782119973.890977859 0.423051 -3.046180 1.190230 -0.463489 0.885199 0.006812 0.039432
1782119973.990931511 0.438655 -3.110200 1.184594 -0.472004 0.880647 0.007141 0.040272
1782119974.090887785 0.451761 -3.173935 1.179573 -0.474324 0.879449 0.007577 0.039093
1782119974.190060377 0.457997 -3.237904 1.175170 -0.471365 0.881016 0.007430 0.039640
1782119974.290975332 0.459402 -3.304271 1.170887 -0.464351 0.884761 0.007259 0.039031
1782119974.390753508 0.454139 -3.368399 1.166708 -0.454311 0.889950 0.005240 0.039533
1782119974.490838289 0.447922 -3.434252 1.163143 -0.445417 0.894480 0.006151 0.038359
1782119974.590781689 0.437077 -3.498572 1.159774 -0.439834 0.897239 0.005367 0.038447
1782119974.690945387 0.425187 -3.562249 1.156448 -0.435971 0.899160 0.006277 0.037440
1782119974.790056705 0.409492 -3.623167 1.153156 -0.430768 0.901631 0.005985 0.038260
1782119974.890899420 0.393565 -3.687168 1.150084 -0.422498 0.905601 0.006376 0.036628
1782119974.990776539 0.372182 -3.750969 1.146046 -0.413386 0.909808 0.004984 0.036562
1782119975.090773821 0.349973 -3.816672 1.142240 -0.407235 0.912597 0.005185 0.036044
1782119975.190812826 0.325525 -3.880817 1.137161 -0.403180 0.914434 0.004663 0.035145
1782119975.290865660 0.299441 -3.947714 1.132829 -0.405197 0.913536 0.005470 0.035190
1782119975.390761614 0.275300 -4.013235 1.127656 -0.409098 0.911829 0.005932 0.034224
1782119975.491017342 0.249460 -4.083347 1.122933 -0.414098 0.909485 0.008132 0.035966
1782119975.590767622 0.225236 -4.153843 1.119450 -0.418761 0.907405 0.008290 0.034447
1782119975.690847635 0.201378 -4.227406 1.116637 -0.423000 0.905447 0.007946 0.034261
1782119975.790791988 0.179476 -4.301066 1.113710 -0.428545 0.902828 0.008612 0.034305
1782119975.890758276 0.158023 -4.373056 1.111597 -0.442551 0.896012 0.008591 0.035177
1782119975.990000486 0.138922 -4.440686 1.107619 -0.474563 0.879462 0.005665 0.036120
1782119976.090882778 0.119827 -4.512988 1.102824 -0.495784 0.867498 0.005261 0.040219
1782119976.190699339 0.113110 -4.580997 1.099524 -0.499769 0.865514 0.008237 0.032379
1782119976.290714979 0.094096 -4.651777 1.095392 -0.497640 0.866580 0.007876 0.036495
1782119976.391026735 0.077196 -4.716679 1.091603 -0.492811 0.869390 0.004453 0.035757
1782119976.490775108 0.061269 -4.787045 1.087318 -0.486433 0.872833 0.007591 0.038566
1782119976.590000868 0.048398 -4.849092 1.084037 -0.479703 0.876717 0.004757 0.035050
1782119976.690943003 0.035313 -4.915790 1.079929 -0.475981 0.878635 0.007301 0.037268
1782119976.790771723 0.023190 -4.980401 1.076659 -0.472985 0.880277 0.006662 0.036793
1782119976.890786648 0.011691 -5.047535 1.072959 -0.469212 0.882279 0.007401 0.037009
1782119976.990959883 0.001332 -5.117724 1.069516 -0.470797 0.881421 0.008066 0.037177
1782119977.090753555 -0.006955 -5.183387 1.066411 -0.477949 0.877644 0.005458 0.035719
1782119977.190783501 -0.012541 -5.253161 1.063284 -0.490331 0.870668 0.008649 0.037917
1782119977.290961981 -0.014321 -5.312876 1.060514 -0.507119 0.861132 0.006470 0.035218
1782119977.390955925 -0.016272 -5.375208 1.057688 -0.529203 0.847563 0.009375 0.038639
1782119977.490981340 -0.014273 -5.431127 1.055399 -0.553152 0.832211 0.007285 0.037345
1782119977.590802431 -0.011319 -5.490738 1.052901 -0.579432 0.813987 0.009879 0.039830
1782119977.690774679 -0.006405 -5.543717 1.051235 -0.605547 0.794851 0.008201 0.038182
1782119977.790764570 -0.001771 -5.592332 1.049062 -0.631930 0.773987 0.009419 0.039003
1782119977.890840769 0.003774 -5.636452 1.047386 -0.657636 0.752263 0.009672 0.039005
1782119977.990776777 0.009828 -5.677428 1.045449 -0.682529 0.729642 0.011434 0.040566
1782119978.091011286 0.016647 -5.714985 1.043661 0.706747 -0.706283 -0.010235 -0.039611
1782119978.191027641 0.024544 -5.752571 1.041748 0.729704 -0.682478 -0.012040 -0.040129
1782119978.290746927 0.030989 -5.786207 1.039873 0.753025 -0.656721 -0.010729 -0.039446
1782119978.390008926 0.036226 -5.817932 1.038121 0.774485 -0.631237 -0.012544 -0.039449
1782119978.490816355 0.038921 -5.846190 1.036330 0.793085 -0.607672 -0.013575 -0.039573
1782119978.590724230 0.039448 -5.868997 1.034776 0.810775 -0.583942 -0.012345 -0.038765
1782119978.690822601 0.043630 -5.890790 1.033234 0.825160 -0.563350 -0.015511 -0.038829
1782119978.790880680 0.047224 -5.909178 1.032158 0.838807 -0.542846 -0.015948 -0.038313
1782119978.890761614 0.050234 -5.926415 1.031002 0.851890 -0.522115 -0.015722 -0.037834
1782119978.990903139 0.050086 -5.944116 1.029769 0.865849 -0.498619 -0.015244 -0.038124
1782119979.090971708 0.051549 -5.961790 1.029298 0.882060 -0.469236 -0.018423 -0.038058
1782119979.190154076 0.052732 -5.974971 1.028735 0.898802 -0.436466 -0.018052 -0.036432
1782119979.289993048 0.056311 -5.985826 1.028075 0.917210 -0.396358 -0.018918 -0.035607
1782119979.390965939 0.058687 -5.993480 1.027304 0.935642 -0.350706 -0.019126 -0.034846
1782119979.490864515 0.057302 -5.998724 1.026936 0.952498 -0.301995 -0.018896 -0.034497
1782119979.589998007 0.054056 -6.002959 1.026499 0.968196 -0.247156 -0.021127 -0.032628
1782119979.690854549 0.049541 -6.000578 1.026483 0.982139 -0.184578 -0.019138 -0.031106
1782119979.790845633 0.049475 -5.993797 1.027371 0.992368 -0.118157 -0.019945 -0.029086
1782119979.890813351 0.047142 -5.987625 1.027942 0.997624 -0.059597 -0.019932 -0.028248
1782119979.990906000 0.046094 -5.981321 1.028382 0.999317 -0.013990 -0.021047 -0.026958
1782119980.090758801 0.043776 -5.977115 1.029297 0.999253 0.020420 -0.020687 -0.025469
1782119980.190043449 0.040980 -5.973429 1.030009 0.998389 0.047106 -0.020276 -0.024278
1782119980.290843248 0.039601 -5.970750 1.031141 0.997123 0.069198 -0.020412 -0.023240
1782119980.390974283 0.038651 -5.969211 1.031871 0.995920 0.084859 -0.020576 -0.022792
1782119980.491072655 0.038146 -5.968716 1.032599 0.995438 0.090449 -0.020395 -0.022498
1782119980.590835333 0.038409 -5.969293 1.033253 0.995517 0.089576 -0.020506 -0.022401
1782119980.690730810 0.038513 -5.969449 1.033685 0.995541 0.089421 -0.020253 -0.022156
1782119980.790764570 0.038560 -5.970048 1.034361 0.995551 0.089354 -0.020061 -0.022158
1782119980.890952826 0.039356 -5.969824 1.034984 0.995561 0.089284 -0.019764 -0.022252
1782119980.990765572 0.039578 -5.970151 1.035270 0.995569 0.089194 -0.019741 -0.022316
1782119981.089978218 0.039810 -5.970407 1.035532 0.995576 0.089150 -0.019660 -0.022235
1782119981.190931559 0.040038 -5.970659 1.035878 0.995582 0.089103 -0.019644 -0.022152
1782119981.290906429 0.040241 -5.970907 1.036018 0.995587 0.089062 -0.019586 -0.022157
1782119981.390785456 0.040455 -5.971065 1.036155 0.995594 0.089005 -0.019521 -0.022118
1782119981.490834951 0.040626 -5.971257 1.036350 0.995597 0.088978 -0.019492 -0.022121
1782119981.589956760 0.040809 -5.971342 1.036444 0.995601 0.088943 -0.019490 -0.022094
1782119981.690771580 0.040924 -5.971474 1.036539 0.995599 0.088943 -0.019572 -0.022098
1782119981.790993929 0.041126 -5.971448 1.036454 0.995602 0.088951 -0.019459 -0.022028
1782119981.890913248 0.041179 -5.971467 1.036510 0.995605 0.088897 -0.019497 -0.022102
1782119981.989989281 0.041221 -5.971396 1.036420 0.995605 0.088876 -0.019506 -0.022163
1782119982.090858459 0.041291 -5.971256 1.036336 0.995602 0.088899 -0.019485 -0.022207
1782119982.190820932 0.041231 -5.971164 1.036326 0.995605 0.088846 -0.019496 -0.022310
1782119982.290934563 0.041239 -5.971026 1.036249 0.995601 0.088883 -0.019428 -0.022386
1782119982.389986992 0.041184 -5.970939 1.036416 0.995597 0.088897 -0.019542 -0.022397
1782119982.490888834 0.041179 -5.970875 1.036364 0.995599 0.088904 -0.019466 -0.022363
1782119982.590793610 0.041164 -5.970902 1.036213 0.995602 0.088871 -0.019437 -0.022383
1782119982.690942526 0.041164 -5.970929 1.035896 0.995606 0.088814 -0.019431 -0.022410
1782119982.790927887 0.041175 -5.970972 1.035609 0.995608 0.088846 -0.019318 -0.022314
1782119982.889963865 0.041067 -5.971047 1.035370 0.995609 0.088839 -0.019304 -0.022297
1782119982.989959717 0.040877 -5.971113 1.035085 0.995610 0.088818 -0.019319 -0.022321
1782119983.090905666 0.040588 -5.971226 1.034907 0.995604 0.088829 -0.019481 -0.022399
1782119983.191074848 0.040231 -5.971232 1.034909 0.995605 0.088810 -0.019546 -0.022402
1782119983.290822506 0.039808 -5.971356 1.034935 0.995604 0.088803 -0.019598 -0.022425
1782119983.390880823 0.039336 -5.971522 1.034927 0.995607 0.088771 -0.019614 -0.022377
1782119983.491333008 0.038920 -5.971723 1.034906 0.995606 0.088797 -0.019670 -0.022305
1782119983.591289997 0.038601 -5.971891 1.035037 0.995607 0.088790 -0.019645 -0.022298
1782119983.690845490 0.038135 -5.972208 1.034990 0.995604 0.088800 -0.019757 -0.022315
1782119983.789985180 0.037726 -5.972472 1.034952 0.995606 0.088755 -0.019831 -0.022318
1782119983.890838146 0.037404 -5.972766 1.034895 0.995610 0.088759 -0.019751 -0.022194
1782119983.990804195 0.036962 -5.973156 1.034929 0.995618 0.088697 -0.019697 -0.022126
1782119984.090783834 0.036514 -5.973575 1.035005 0.995621 0.088641 -0.019811 -0.022115
1782119984.190970182 0.036240 -5.973851 1.034994 0.995623 0.088631 -0.019891 -0.022002
1782119984.290754080 0.035692 -5.974390 1.035114 0.995627 0.088581 -0.019880 -0.022028
1782119984.390785217 0.035305 -5.974803 1.035219 0.995624 0.088595 -0.019969 -0.022006
1782119984.490866184 0.035085 -5.975033 1.035180 0.995628 0.088569 -0.020001 -0.021939
1782119984.590768099 0.034676 -5.975518 1.035322 0.995630 0.088560 -0.019910 -0.021936
1782119984.690812826 0.034404 -5.975801 1.035304 0.995632 0.088571 -0.019784 -0.021942
1782119984.790975094 0.034197 -5.975950 1.035247 0.995634 0.088528 -0.019852 -0.021930
1782119984.890874147 0.033874 -5.976274 1.035338 0.995633 0.088538 -0.019852 -0.021934
1782119984.991041422 0.033599 -5.976402 1.035173 0.995635 0.088526 -0.019806 -0.021959
1782119985.090909004 0.033326 -5.976569 1.035146 0.995633 0.088517 -0.019877 -0.022005
1782119985.190948486 0.033192 -5.976666 1.035036 0.995636 0.088491 -0.019869 -0.021983
1782119985.289994955 0.033129 -5.976652 1.034844 0.995641 0.088439 -0.019888 -0.021970
1782119985.391000986 0.033214 -5.976510 1.034697 0.995641 0.088420 -0.019968 -0.021941
1782119985.490790367 0.033417 -5.976244 1.034376 0.995641 0.088432 -0.019888 -0.021964
1782119985.591058731 0.033760 -5.975821 1.034255 0.995641 0.088431 -0.019894 -0.021969
1782119985.690856218 0.034273 -5.975267 1.034042 0.995642 0.088435 -0.019803 -0.021983
1782119985.790754557 0.034850 -5.974634 1.033856 0.995644 0.088383 -0.019794 -0.022144
1782119985.890757799 0.035705 -5.973777 1.033574 0.995642 0.088405 -0.019611 -0.022273
1782119985.990984917 0.036559 -5.972879 1.033333 0.995646 0.088383 -0.019301 -0.022453
1782119986.090898275 0.037533 -5.971931 1.033095 0.995651 0.088347 -0.018927 -0.022718
1782119986.190005541 0.038476 -5.971058 1.032818 0.995653 0.088312 -0.018507 -0.023107
1782119986.290880919 0.039363 -5.970237 1.032685 0.995657 0.088289 -0.017962 -0.023446
1782119986.390850067 0.040001 -5.969672 1.032634 0.995663 0.088243 -0.017269 -0.023883
1782119986.490985870 0.040262 -5.969502 1.032786 0.995670 0.088142 -0.016617 -0.024407
1782119986.590967894 0.040054 -5.969888 1.032989 0.995682 0.088090 -0.015630 -0.024750
1782119986.690766096 0.038929 -5.970978 1.033495 0.995695 0.087986 -0.014705 -0.025189
1782119986.790058136 0.036700 -5.972912 1.034108 0.995711 0.087865 -0.013756 -0.025514
1782119986.890999079 0.032992 -5.975972 1.034790 0.995740 0.087617 -0.012814 -0.025727
1782119986.990962267 0.027527 -5.980212 1.035861 0.995766 0.087427 -0.012018 -0.025727
1782119987.090925694 0.020067 -5.985789 1.037161 0.995799 0.087164 -0.011543 -0.025580
