1782112761.234055519 0.007066 0.010044 1.208485 0.099645 0.994444 0.000779 0.033923
1782112761.334374666 0.008983 0.012627 1.208009 0.099424 0.994465 0.000376 0.033967
1782112761.434094906 0.009763 0.013559 1.208389 0.099577 0.994459 0.000623 0.033684
1782112761.534447908 0.010426 0.014237 1.208587 0.099378 0.994479 0.000506 0.033682
1782112761.634451151 0.010526 0.014503 1.208672 0.099495 0.994450 0.000343 0.034208
1782112761.734588623 0.010628 0.014720 1.208703 0.099449 0.994474 0.000415 0.033621
1782112761.834029913 0.010752 0.014722 1.208932 0.099523 0.994461 0.000751 0.033800
1782112761.934534073 0.010662 0.014565 1.208837 0.099429 0.994467 0.000075 0.033911
1782112762.034098148 0.010509 0.014595 1.208902 0.099480 0.994452 0.000621 0.034199
1782112762.134046078 0.010409 0.014491 1.208840 0.099445 0.994468 0.000439 0.033814
1782112762.234528542 0.010285 0.014337 1.208848 0.099406 0.994466 0.000534 0.034006
1782112762.334351540 0.009915 0.014458 1.208989 0.099349 0.994464 0.000177 0.034212
1782112762.434410334 0.009821 0.014361 1.208623 0.099386 0.994475 0.000363 0.033803
1782112762.534388781 0.009804 0.014346 1.208754 0.099294 0.994484 0.000462 0.033785
1782112762.634343386 0.009993 0.014368 1.209089 0.099263 0.994478 0.000213 0.034077
1782112762.734016895 0.010031 0.014327 1.209165 0.099351 0.994473 0.000433 0.033958
1782112762.834447145 0.010469 0.014438 1.209381 0.099314 0.994481 0.000513 0.033828
1782112762.934559345 0.010593 0.014793 1.209358 0.099429 0.994465 0.000533 0.033941
1782112763.034425974 0.010423 0.015065 1.209028 0.099383 0.994465 0.000177 0.034088
1782112763.134037256 0.010350 0.015155 1.208774 0.099276 0.994480 0.000645 0.033972
1782112763.234069109 0.010297 0.015197 1.209187 0.099277 0.994488 0.000339 0.033714
1782112763.334428787 0.010386 0.015127 1.209217 0.099288 0.994475 0.000282 0.034085
1782112763.434226751 0.010653 0.015230 1.209093 0.099290 0.994475 0.000465 0.034070
1782112763.534069777 0.010869 0.015100 1.209121 0.099209 0.994482 0.000748 0.034084
1782112763.634542942 0.010989 0.015374 1.209231 0.099234 0.994480 0.000340 0.034078
1782112763.734420061 0.010905 0.015358 1.209147 0.099207 0.994483 0.000018 0.034075
1782112763.833996296 0.010725 0.015452 1.208851 0.099254 0.994500 0.000462 0.033434
1782112763.934429407 0.010592 0.015409 1.208751 0.099350 0.994483 0.000305 0.033659
1782112764.034381390 0.010502 0.015495 1.208684 0.099218 0.994487 0.000186 0.033924
1782112764.134139061 0.010314 0.015283 1.208610 0.099202 0.994496 0.000390 0.033725
1782112764.234020472 0.010215 0.015188 1.208729 0.099270 0.994489 0.000440 0.033730
1782112764.334174633 0.010367 0.014872 1.208950 0.099350 0.994467 0.000550 0.034127
1782112764.434561491 0.010795 0.015174 1.208749 0.099320 0.994474 0.000453 0.034018
1782112764.534497976 0.010817 0.015429 1.208660 0.099286 0.994484 0.000521 0.033806
1782112764.634442568 0.010510 0.014985 1.208760 0.099269 0.994487 0.000600 0.033768
1782112764.734094620 0.010167 0.014635 1.208787 0.099253 0.994476 0.000194 0.034145
1782112764.834456205 0.009811 0.014335 1.208483 0.099236 0.994491 0.000684 0.033759
1782112764.934161663 0.009787 0.014151 1.208748 0.099306 0.994491 0.000623 0.033547
1782112765.034070730 0.009514 0.014131 1.208806 0.099428 0.994465 0.000370 0.033951
1782112765.134148121 0.009063 0.013889 1.208794 0.099446 0.994460 0.000298 0.034056
1782112765.234429359 0.009214 0.013452 1.208674 0.099521 0.994468 0.000306 0.033586
1782112765.334580183 0.009462 0.013350 1.208910 0.099526 0.994460 0.000581 0.033819
1782112765.434437990 0.009625 0.013034 1.209009 0.099562 0.994441 0.000469 0.034259
1782112765.534421682 0.009509 0.012642 1.208573 0.099520 0.994450 0.000829 0.034117
1782112765.634101152 0.009471 0.012765 1.208521 0.099419 0.994478 0.000646 0.033608
1782112765.734479666 0.009078 0.012286 1.208656 0.099653 0.994446 0.000545 0.033845
1782112765.834188700 0.008762 0.011726 1.208751 0.099476 0.994453 0.000318 0.034168
1782112765.934091330 0.008890 0.011795 1.208437 0.099594 0.994434 0.000986 0.034377
1782112766.034508467 0.008961 0.011436 1.208542 0.099716 0.994427 0.000749 0.034214
1782112766.134064436 0.008710 0.011132 1.208840 0.099646 0.994430 0.000623 0.034331
1782112766.234091043 0.008686 0.010829 1.208746 0.099731 0.994421 0.000411 0.034350
1782112766.334485769 0.008929 0.010656 1.208750 0.099589 0.994443 0.000565 0.034141
1782112766.434393167 0.009042 0.010582 1.208722 0.099484 0.994455 0.000620 0.034072
1782112766.534091473 0.008585 0.010298 1.208599 0.099601 0.994433 0.000436 0.034386
1782112766.634040594 0.008339 0.010128 1.208650 0.099592 0.994450 0.000320 0.033910
1782112766.734369755 0.008576 0.010402 1.208273 0.099751 0.994435 0.000601 0.033888
1782112766.834012747 0.008645 0.010506 1.208135 0.099728 0.994431 0.000243 0.034081
1782112766.934039116 0.008600 0.010412 1.208292 0.099665 0.994437 0.000226 0.034088
1782112767.034425497 0.008528 0.010471 1.208344 0.099675 0.994440 0.000422 0.033961
1782112767.134011984 0.008749 0.010958 1.208360 0.099679 0.994442 0.000546 0.033897
1782112767.234020233 0.008724 0.011123 1.208556 0.099654 0.994435 0.000621 0.034178
1782112767.334451199 0.008624 0.011066 1.208379 0.099739 0.994425 0.000711 0.034204
1782112767.434619427 0.008573 0.011041 1.208101 0.099657 0.994444 0.000861 0.033887
1782112767.534055948 0.008615 0.010785 1.208373 0.099682 0.994442 0.000477 0.033877
1782112767.634365320 0.008808 0.010676 1.208307 0.099696 0.994433 0.000490 0.034121
1782112767.734067678 0.008834 0.010709 1.208372 0.099618 0.994443 0.000661 0.034031
1782112767.834050417 0.008966 0.010743 1.208259 0.099679 0.994440 0.000336 0.033955
1782112767.934758425 0.008983 0.010895 1.208387 0.099809 0.994424 0.000474 0.034040
1782112768.034373522 0.009420 0.011347 1.208231 0.099617 0.994453 0.000397 0.033756
1782112768.235560656 0.009806 0.012021 1.208409 0.099608 0.994446 0.000355 0.033999
1782112768.334352732 0.009759 0.011892 1.208267 0.099535 0.994455 0.000519 0.033935
1782112768.434553146 0.009563 0.011986 1.208498 0.099410 0.994466 0.000636 0.033970
1782112768.534510851 0.008573 0.012480 1.208723 0.100017 0.994414 0.001206 0.033694
1782112768.634144068 0.000413 0.021440 1.208485 0.101696 0.994200 -0.000920 0.034971
1782112768.734052896 -0.007489 0.030046 1.208423 0.101257 0.994261 -0.001116 0.034514
1782112768.834364176 -0.014357 0.034237 1.208727 0.098607 0.994587 -0.000685 0.032765
1782112768.934628248 -0.019331 0.038319 1.209172 0.097382 0.994665 -0.001504 0.033990
1782112769.034017563 -0.011739 0.037111 1.209795 0.098442 0.994598 -0.001636 0.032892
1782112769.234522820 0.039744 0.004802 1.211013 0.093798 0.995060 -0.000532 0.032524
1782112769.334447622 0.074858 -0.016311 1.209168 0.081096 0.996190 -0.000154 0.032080
1782112769.434174061 0.107801 -0.039669 1.208529 0.070020 0.997056 0.003695 0.031043
1782112769.534579039 0.138723 -0.057730 1.209187 0.092358 0.995201 0.002686 0.032201
1782112769.634635925 0.174969 -0.073836 1.209556 0.132450 0.990683 0.000468 0.031681
1782112769.734443665 0.214965 -0.090465 1.210586 0.174843 0.984126 -0.000902 0.030414
1782112769.834401131 0.258878 -0.113917 1.211346 0.185586 0.982252 -0.000513 0.027190
1782112769.934066772 0.302350 -0.137769 1.211243 0.176558 0.983983 0.000375 0.024603
1782112770.034351826 0.343490 -0.160456 1.211289 0.168784 0.985351 0.000844 0.024401
1782112770.134186745 0.386028 -0.180072 1.211918 0.162190 0.986409 0.000241 0.026309
1782112770.234055519 0.435734 -0.197439 1.212444 0.152734 0.987990 -0.000108 0.023391
1782112770.334422112 0.489236 -0.212401 1.213465 0.138801 0.990022 0.000183 0.024301
1782112770.434021473 0.546400 -0.225022 1.214412 0.119414 0.992512 0.000842 0.025688
1782112770.534493923 0.606503 -0.231205 1.216186 0.096027 0.995028 -0.000229 0.026402
1782112770.634459496 0.669211 -0.231685 1.217506 0.070278 0.997126 -0.000769 0.028303
1782112770.734358311 0.737578 -0.225297 1.219182 0.048750 0.998400 -0.001012 0.028641
1782112770.834061623 0.806797 -0.213202 1.221425 0.032899 0.999034 -0.000140 0.029147
1782112770.934185266 0.875209 -0.201057 1.224395 0.027031 0.999206 0.000948 0.029240
1782112771.034524441 0.933475 -0.192409 1.225809 0.030400 0.999007 0.000954 0.032544
1782112771.133983135 0.987254 -0.191096 1.227722 0.033569 0.999009 0.000460 0.029229
1782112771.234433889 1.033647 -0.189120 1.229611 0.030192 0.999069 0.000536 0.030805
1782112771.334577799 1.081182 -0.183539 1.230950 0.026033 0.999186 -0.000529 0.030812
1782112771.434468269 1.122250 -0.175632 1.232179 0.024652 0.999272 -0.000761 0.029101
1782112771.534467936 1.156533 -0.165555 1.233749 0.029544 0.999072 -0.000198 0.031333
1782112771.634102821 1.192702 -0.152254 1.235479 0.039228 0.998786 -0.001485 0.029746
1782112771.734076023 1.220260 -0.137229 1.237309 0.049674 0.998258 -0.001270 0.031803
1782112771.834149599 1.241341 -0.123243 1.238246 0.057453 0.997880 -0.000975 0.030545
1782112771.934003353 1.265354 -0.113342 1.239064 0.061101 0.997720 -0.000512 0.028659
1782112772.034442425 1.289785 -0.100491 1.240015 0.061259 0.997687 -0.001573 0.029408
1782112772.134074450 1.313420 -0.087710 1.240817 0.060608 0.997742 -0.001314 0.028902
1782112772.234603405 1.335249 -0.076313 1.241743 0.059544 0.997787 -0.000684 0.029587
1782112772.334007502 1.355670 -0.064164 1.243228 0.059624 0.997766 -0.000799 0.030110
1782112772.434384346 1.375577 -0.052775 1.243893 0.060533 0.997715 -0.000982 0.029979
1782112772.534026146 1.393597 -0.042273 1.243942 0.061672 0.997679 -0.000727 0.028839
1782112772.634439945 1.408509 -0.032541 1.244620 0.062161 0.997647 -0.001471 0.028878
1782112772.734137297 1.422424 -0.025543 1.245654 0.062001 0.997652 -0.000804 0.029074
1782112772.834068775 1.432893 -0.021431 1.246100 0.060853 0.997717 -0.000289 0.029293
1782112772.934468985 1.438797 -0.021945 1.246638 0.057781 0.997925 0.000045 0.028395
1782112773.034413338 1.439239 -0.025594 1.246857 0.051460 0.998227 0.000853 0.029895
1782112773.134192944 1.442341 -0.029928 1.246447 0.047585 0.998459 0.000636 0.028555
1782112773.234014988 1.445283 -0.031340 1.246515 0.042717 0.998647 0.000955 0.029646
1782112773.334412098 1.453375 -0.033715 1.247072 0.038301 0.998804 0.001285 0.030350
1782112773.434088707 1.468815 -0.039097 1.247788 0.039790 0.998764 0.002158 0.029704
1782112773.534441233 1.483976 -0.047394 1.247151 0.049839 0.998292 0.002870 0.030332
1782112773.634259462 1.495478 -0.055364 1.246965 0.066067 0.997395 0.002854 0.028809
1782112773.734163761 1.499431 -0.061854 1.246375 0.083687 0.996052 0.003614 0.029381
1782112773.834030151 1.503257 -0.067979 1.245734 0.094618 0.995102 0.003288 0.028425
1782112773.934395552 1.505817 -0.070990 1.245653 0.100545 0.994528 0.003135 0.028199
1782112774.034124613 1.508074 -0.071715 1.245721 0.103109 0.994277 0.002681 0.027846
1782112774.134141922 1.510033 -0.071061 1.245499 0.106468 0.993931 0.002329 0.027559
1782112774.234438419 1.509395 -0.069822 1.245525 0.107501 0.993817 0.002320 0.027677
1782112774.334101200 1.508843 -0.068130 1.245565 0.106811 0.993892 0.001892 0.027697
1782112774.434424162 1.510249 -0.065055 1.245399 0.109018 0.993669 0.001393 0.027121
1782112774.534400225 1.513499 -0.058178 1.245416 0.113462 0.993181 0.001019 0.026792
1782112774.634049416 1.516832 -0.047909 1.245599 0.122422 0.992112 0.000251 0.026968
1782112774.734044552 1.519852 -0.034863 1.246359 0.139242 0.989906 -0.000263 0.026416
1782112774.834395170 1.522226 -0.021495 1.247511 0.164317 0.986058 -0.000462 0.026252
1782112774.934024572 1.523681 -0.009544 1.248098 0.183374 0.982733 -0.001383 0.024649
1782112775.034444809 1.528506 0.006691 1.249271 0.196372 0.980214 -0.002950 0.024701
1782112775.134076357 1.541445 0.027583 1.250936 0.210766 0.977234 -0.003963 0.023994
1782112775.234572411 1.564593 0.054369 1.253427 0.227334 0.973542 -0.003673 0.022827
1782112775.334460735 1.592696 0.084210 1.255678 0.219482 0.975297 -0.005110 0.024454
1782112775.434425354 1.623719 0.096501 1.257487 0.207424 0.978006 -0.003143 0.021669
1782112775.534132004 1.643935 0.101820 1.258266 0.208868 0.977713 -0.002376 0.021124
1782112775.634047031 1.652072 0.101590 1.258323 0.200021 0.979491 -0.000533 0.024274
1782112775.734156609 1.670472 0.102569 1.259248 0.196691 0.980204 -0.001122 0.022613
1782112775.834114313 1.691206 0.102343 1.260054 0.196549 0.980219 -0.001341 0.023183
1782112775.934470177 1.719006 0.103568 1.261144 0.193277 0.980842 -0.000542 0.024356
1782112776.034480333 1.753788 0.111298 1.262394 0.191772 0.981143 -0.001161 0.024115
1782112776.134089231 1.790510 0.129362 1.264386 0.198671 0.979756 -0.001441 0.024626
1782112776.234567165 1.833793 0.158489 1.266321 0.221362 0.974892 -0.002338 0.024073
1782112776.334160805 1.882236 0.197777 1.269233 0.264373 0.964166 -0.001926 0.022082
1782112776.434129953 1.932777 0.249480 1.272788 0.314630 0.948963 -0.003449 0.021556
1782112776.534522772 1.979455 0.307454 1.276284 0.357966 0.933533 -0.003858 0.019026
1782112776.634433508 2.021503 0.369756 1.279844 0.395362 0.918362 -0.004120 0.016815
1782112776.734111071 2.057574 0.432492 1.283512 0.425945 0.904593 -0.003688 0.016356
1782112776.834559679 2.089285 0.493026 1.286998 0.448729 0.893546 -0.002322 0.014581
1782112776.934208632 2.112599 0.553367 1.290311 0.462660 0.886418 -0.002258 0.014287
1782112777.034135342 2.128997 0.612535 1.293027 0.468150 0.883517 -0.003036 0.014993
1782112777.134503365 2.138640 0.670553 1.295890 0.464947 0.885199 -0.003981 0.015189
1782112777.234444141 2.141129 0.727180 1.298327 0.459937 0.887770 -0.003428 0.017645
1782112777.334117651 2.139861 0.783532 1.300475 0.452476 0.891614 -0.002203 0.016883
1782112777.434459448 2.132049 0.841166 1.303185 0.450058 0.892806 -0.002745 0.018352
1782112777.534416437 2.124449 0.899201 1.304901 0.451940 0.891901 -0.002529 0.016029
1782112777.634117126 2.110960 0.958933 1.305369 0.453732 0.890936 -0.003558 0.018657
1782112777.734039307 2.097009 1.010954 1.307527 0.455032 0.890321 -0.001626 0.016504
1782112777.834418058 2.080619 1.066892 1.309138 0.458789 0.888365 -0.002539 0.017714
1782112777.934121847 2.066430 1.123487 1.310564 0.462584 0.886413 -0.002318 0.016807
1782112778.034523487 2.050539 1.184278 1.313442 0.467355 0.883890 -0.003706 0.017438
1782112778.134379625 2.036045 1.241871 1.315144 0.470160 0.882412 -0.003448 0.016954
1782112778.234595299 2.019283 1.304804 1.316616 0.472578 0.881117 -0.003191 0.017106
1782112778.334013462 2.002059 1.364732 1.318360 0.475786 0.879384 -0.003366 0.017346
1782112778.434160233 1.983953 1.426762 1.320198 0.478640 0.877832 -0.003630 0.017362
1782112778.534620285 1.965252 1.490056 1.321949 0.481501 0.876262 -0.003048 0.017648
1782112778.634055376 1.947792 1.554213 1.324194 0.485071 0.874304 -0.003090 0.017003
1782112778.734444141 1.931356 1.615718 1.326533 0.487744 0.872828 -0.003226 0.016313
1782112778.834433794 1.915188 1.677379 1.328540 0.489826 0.871662 -0.003272 0.016272
1782112778.934004068 1.899692 1.736515 1.330472 0.491442 0.870775 -0.002712 0.015133
1782112779.034430742 1.882053 1.798962 1.332908 0.492421 0.870204 -0.003339 0.015988
1782112779.134592772 1.866397 1.860844 1.334744 0.493216 0.869784 -0.003518 0.014238
1782112779.234037638 1.847655 1.925841 1.336558 0.493440 0.869631 -0.003996 0.015603
1782112779.334435940 1.832008 1.985354 1.338348 0.493305 0.869750 -0.003842 0.013057
1782112779.434123993 1.812488 2.048529 1.340456 0.492053 0.870414 -0.003200 0.015887
1782112779.534507275 1.794503 2.110498 1.342050 0.491735 0.870617 -0.004147 0.014297
1782112779.634170532 1.774587 2.175173 1.343913 0.490297 0.871414 -0.002492 0.015486
1782112779.734020948 1.755516 2.243075 1.345601 0.489909 0.871650 -0.003899 0.014162
1782112779.833973169 1.735399 2.309490 1.348033 0.489360 0.871955 -0.003228 0.014506
1782112779.934514046 1.716842 2.376714 1.350057 0.489869 0.871654 -0.004203 0.015193
1782112780.034470320 1.697865 2.439066 1.352058 0.490321 0.871425 -0.002337 0.014092
1782112780.134171009 1.679006 2.505491 1.354017 0.491567 0.870700 -0.003029 0.015290
1782112780.234230995 1.661725 2.571473 1.355693 0.492247 0.870350 -0.003003 0.013227
1782112780.334131241 1.641185 2.641114 1.358368 0.495122 0.868676 -0.002931 0.015715
1782112780.434496880 1.625371 2.707370 1.360847 0.499373 0.866268 -0.002544 0.014158
1782112780.534223318 1.609389 2.773489 1.363321 0.502485 0.864440 -0.004451 0.015273
1782112780.634145737 1.595888 2.837206 1.366167 0.505723 0.862607 -0.003418 0.011936
1782112780.734551430 1.579969 2.904669 1.368679 0.508790 0.860765 -0.004447 0.013995
1782112780.834511280 1.569184 2.972360 1.371013 0.512397 0.858659 -0.004878 0.011407
1782112780.934026241 1.556328 3.038813 1.373520 0.515646 0.856714 -0.003579 0.011753
1782112781.034030199 1.546813 3.104864 1.375793 0.519219 0.854554 -0.004559 0.011301
1782112781.134442091 1.536939 3.167193 1.377900 0.520118 0.853994 -0.002785 0.012806
1782112781.234156370 1.530092 3.228080 1.380502 0.522063 0.852820 -0.005328 0.010953
1782112781.334022522 1.522058 3.285472 1.383067 0.521412 0.853230 -0.004300 0.010490
1782112781.434440374 1.516037 3.344413 1.385410 0.521943 0.852889 -0.005069 0.011397
1782112781.534135103 1.508667 3.395967 1.387556 0.521741 0.853012 -0.004302 0.011762
1782112781.634514332 1.503911 3.440729 1.389221 0.521379 0.853237 -0.005246 0.011108
1782112781.734529972 1.498284 3.477736 1.390668 0.520581 0.853714 -0.004666 0.012082
1782112781.834037066 1.491601 3.506799 1.391522 0.518861 0.854755 -0.004772 0.012438
1782112781.934062719 1.485988 3.527975 1.391919 0.515587 0.856735 -0.004865 0.012294
1782112782.034462929 1.482399 3.542955 1.392552 0.512687 0.858484 -0.005231 0.011370
1782112782.134086370 1.479656 3.554683 1.392809 0.510027 0.860059 -0.005223 0.011959
1782112782.234079838 1.476732 3.564031 1.392805 0.507908 0.861314 -0.005099 0.011892
1782112782.334226370 1.474250 3.571333 1.393223 0.506449 0.862161 -0.004419 0.012970
1782112782.434143782 1.471746 3.577504 1.393598 0.505462 0.862727 -0.003854 0.013988
1782112782.534542561 1.469809 3.582300 1.393774 0.504931 0.863037 -0.004620 0.013790
1782112782.634447098 1.468795 3.584638 1.393757 0.504171 0.863485 -0.004863 0.013485
1782112782.734061480 1.467772 3.585655 1.393813 0.504024 0.863572 -0.004620 0.013467
1782112782.834545374 1.467163 3.585267 1.393776 0.504089 0.863533 -0.004469 0.013627
1782112782.934581518 1.466801 3.584598 1.393415 0.504209 0.863466 -0.004276 0.013484
1782112783.034124851 1.466630 3.584737 1.393355 0.504479 0.863307 -0.004084 0.013592
1782112783.134036303 1.466760 3.584280 1.393434 0.504396 0.863353 -0.004159 0.013727
1782112783.234442949 1.466503 3.584221 1.393337 0.504404 0.863346 -0.004038 0.013970
1782112783.334147453 1.466150 3.584565 1.393515 0.504607 0.863229 -0.003605 0.013948
1782112783.434134483 1.465878 3.584896 1.393606 0.504498 0.863293 -0.003743 0.013896
1782112783.534548759 1.465488 3.585232 1.393665 0.504607 0.863232 -0.003609 0.013751
1782112783.634137154 1.465352 3.585128 1.393611 0.504537 0.863277 -0.004117 0.013359
1782112783.734034300 1.465058 3.584897 1.393647 0.504652 0.863205 -0.004064 0.013669
1782112783.834518909 1.465033 3.584724 1.393655 0.504563 0.863262 -0.004174 0.013289
1782112783.934406519 1.464834 3.584506 1.393411 0.504686 0.863190 -0.004149 0.013328
1782112784.034070730 1.464395 3.584555 1.393400 0.504865 0.863088 -0.004495 0.013062
1782112784.134573698 1.464069 3.584555 1.393435 0.504905 0.863053 -0.003714 0.014053
1782112784.234150648 1.464033 3.584230 1.393197 0.504868 0.863071 -0.003419 0.014286
1782112784.334091187 1.464059 3.583525 1.393060 0.504964 0.863021 -0.003599 0.013916
1782112784.434506416 1.463515 3.583171 1.392995 0.505026 0.862981 -0.003628 0.014118
1782112784.534068108 1.463081 3.582821 1.392968 0.505120 0.862931 -0.003906 0.013738
1782112784.634511948 1.462800 3.582733 1.392858 0.504924 0.863046 -0.003820 0.013721
1782112784.734530687 1.462671 3.582753 1.392941 0.504967 0.863020 -0.003832 0.013746
1782112784.834137201 1.462631 3.582645 1.393189 0.504935 0.863039 -0.003981 0.013707
1782112784.934570551 1.462227 3.582610 1.393215 0.505041 0.862974 -0.003548 0.014023
1782112785.034211397 1.462027 3.582357 1.393188 0.505035 0.863001 -0.005188 0.011944
1782112785.134042740 1.462082 3.581717 1.393075 0.505040 0.862981 -0.004273 0.013409
1782112785.234048128 1.462174 3.581083 1.392884 0.505212 0.862871 -0.003300 0.014286
1782112785.334186554 1.462381 3.580760 1.392708 0.505413 0.862755 -0.003504 0.014134
1782112785.434146166 1.462639 3.580555 1.392844 0.505307 0.862825 -0.004204 0.013395
1782112785.534501076 1.462790 3.580306 1.392761 0.505369 0.862784 -0.003941 0.013822
1782112785.634248018 1.462862 3.580123 1.392705 0.505353 0.862793 -0.003469 0.013989
1782112785.734478951 1.463013 3.580075 1.392575 0.505405 0.862762 -0.003874 0.013876
1782112785.834012747 1.462635 3.580214 1.392792 0.505281 0.862835 -0.003790 0.013857
1782112785.934504032 1.462087 3.580193 1.392789 0.505038 0.862978 -0.003585 0.013893
1782112786.034142494 1.461745 3.580253 1.392432 0.505113 0.862936 -0.003877 0.013682
1782112786.134541750 1.461883 3.580023 1.392496 0.505161 0.862907 -0.003929 0.013728
1782112786.234199524 1.462233 3.579707 1.392576 0.505146 0.862916 -0.004003 0.013693
1782112786.334018707 1.462454 3.579613 1.392433 0.505049 0.862969 -0.003595 0.014026
1782112786.434059381 1.462511 3.579769 1.392359 0.505077 0.862959 -0.004025 0.013493
1782112786.534149885 1.462599 3.579765 1.392554 0.505128 0.862926 -0.003990 0.013723
1782112786.634158134 1.462683 3.579546 1.392434 0.505169 0.862901 -0.003813 0.013880
1782112786.734051704 1.462519 3.579504 1.392366 0.505240 0.862861 -0.003861 0.013719
1782112786.834502935 1.462575 3.579484 1.392330 0.505207 0.862883 -0.004165 0.013453
1782112786.934152365 1.462721 3.579515 1.392508 0.505118 0.862934 -0.004149 0.013545
1782112787.034516573 1.462579 3.579601 1.392333 0.505152 0.862915 -0.004071 0.013527
1782112787.134433985 1.462387 3.579595 1.392290 0.505172 0.862907 -0.004359 0.013173
1782112787.234203815 1.462233 3.579338 1.392557 0.505256 0.862845 -0.003535 0.014198
1782112787.334533453 1.462079 3.579225 1.392352 0.505322 0.862803 -0.003157 0.014503
1782112787.434504032 1.461949 3.579264 1.392353 0.505228 0.862861 -0.003307 0.014316
1782112787.534152269 1.462088 3.579127 1.392394 0.505364 0.862787 -0.003839 0.013853
1782112787.634067774 1.462447 3.579063 1.392597 0.505272 0.862842 -0.004011 0.013718
1782112787.734525919 1.462643 3.579291 1.392272 0.505307 0.862821 -0.004024 0.013693
1782112787.834155321 1.462567 3.579894 1.392519 0.505111 0.862940 -0.004329 0.013376
1782112787.934033871 1.462255 3.580129 1.392730 0.505148 0.862916 -0.003930 0.013641
1782112788.034166574 1.462264 3.579844 1.392808 0.505178 0.862896 -0.003706 0.013845
1782112788.134097338 1.462523 3.579649 1.392708 0.505256 0.862854 -0.004064 0.013526
1782112788.234017372 1.462639 3.579596 1.392677 0.505233 0.862863 -0.003904 0.013837
1782112788.334556341 1.462478 3.579693 1.392727 0.505181 0.862893 -0.003893 0.013850
1782112788.434140682 1.462193 3.579885 1.392638 0.505054 0.862968 -0.003676 0.013903
1782112788.534045219 1.462146 3.579863 1.392601 0.505136 0.862919 -0.003742 0.013943
1782112788.634529114 1.462014 3.579802 1.392634 0.505116 0.862931 -0.003827 0.013905
1782112788.734075546 1.461894 3.579984 1.392617 0.504982 0.863012 -0.004028 0.013670
1782112788.834034204 1.461907 3.580346 1.392825 0.505135 0.862922 -0.003925 0.013753
1782112788.934494019 1.462051 3.580554 1.393029 0.505136 0.862925 -0.003890 0.013555
1782112789.034649134 1.462323 3.580694 1.392749 0.505162 0.862911 -0.004506 0.013263
1782112789.134025812 1.462372 3.580856 1.392828 0.505145 0.862921 -0.004396 0.013273
1782112789.234204054 1.462503 3.580909 1.392891 0.504999 0.863006 -0.004224 0.013361
1782112789.334024668 1.462536 3.581219 1.393166 0.505010 0.863003 -0.004507 0.013049
1782112789.434080362 1.462419 3.581301 1.393197 0.504924 0.863050 -0.004007 0.013451
1782112789.534502029 1.462261 3.581129 1.392995 0.504999 0.863004 -0.004193 0.013523
1782112789.634090662 1.461670 3.580729 1.393008 0.505138 0.862924 -0.004175 0.013414
